0.9983,    0.0000
0.9994,    0.1877
1.0004,    0.3755
1.0015,    0.5632
1.0025,    0.7509
1.0036,    0.9386
1.0047,    1.1264
1.0057,    1.3141
1.0068,    1.5018
1.0079,    1.6896
1.0089,    1.8773
1.0100,    2.0650
1.0111,    2.2527
1.0121,    2.4405
1.0132,    2.6282
1.0143,    2.8159
1.0154,    3.0037
1.0164,    3.1914
1.0175,    3.3791
1.0186,    3.5668
1.0197,    3.7546
1.0208,    3.9423
1.0218,    4.1300
1.0229,    4.3177
1.0240,    4.5055
1.0251,    4.6932
1.0262,    4.8809
1.0273,    5.0687
1.0284,    5.2564
1.0295,    5.4441
1.0305,    5.6318
1.0316,    5.8196
1.0327,    6.0073
1.0338,    6.1950
1.0349,    6.3828
1.0360,    6.5705
1.0371,    6.7582
1.0382,    6.9459
1.0393,    7.1337
1.0404,    7.3214
1.0415,    7.5091
1.0426,    7.6968
1.0437,    7.8846
1.0448,    8.0723
1.0460,    8.2600
1.0471,    8.4478
1.0482,    8.6355
1.0493,    8.8232
1.0504,    9.0109
1.0515,    9.1987
1.0526,    9.3864
1.0537,    9.5741
1.0549,    9.7618
1.0560,    9.9496
1.0571,   10.1373
1.0582,   10.3250
1.0593,   10.5128
1.0605,   10.7005
1.0616,   10.8882
1.0627,   11.0759
1.0638,   11.2637
1.0650,   11.4514
1.0661,   11.6391
1.0672,   11.8268
1.0684,   12.0146
1.0695,   12.2023
1.0706,   12.3900
1.0718,   12.5778
1.0729,   12.7655
1.0740,   12.9532
1.0752,   13.1409
1.0763,   13.3287
1.0775,   13.5164
1.0786,   13.7041
1.0797,   13.8918
1.0809,   14.0796
1.0820,   14.2673
1.0832,   14.4550
1.0843,   14.6428
1.0855,   14.8305
1.0866,   15.0182
1.0878,   15.2059
1.0889,   15.3937
1.0901,   15.5814
1.0913,   15.7691
1.0924,   15.9568
1.0936,   16.1446
1.0947,   16.3323
1.0959,   16.5200
1.0971,   16.7077
1.0982,   16.8955
1.0994,   17.0832
1.1005,   17.2709
1.1017,   17.4586
1.1029,   17.6464
1.1041,   17.8341
1.1052,   18.0218
1.1064,   18.2096
1.1076,   18.3973
1.1087,   18.5850
1.1099,   18.7727
1.1111,   18.9605
1.1123,   19.1482
1.1135,   19.3359
1.1146,   19.5236
1.1158,   19.7114
1.1170,   19.8991
1.1182,   20.0868
1.1194,   20.2745
1.1206,   20.4623
1.1217,   20.6500
1.1229,   20.8377
1.1241,   21.0254
1.1253,   21.2132
1.1265,   21.4009
1.1277,   21.5886
1.1289,   21.7763
1.1301,   21.9641
1.1313,   22.1518
1.1325,   22.3395
1.1337,   22.5273
1.1349,   22.7150
1.1361,   22.9027
1.1373,   23.0904
1.1385,   23.2782
1.1397,   23.4659
1.1409,   23.6536
1.1421,   23.8413
1.1434,   24.0291
1.1446,   24.2168
1.1458,   24.4045
1.1470,   24.5922
1.1482,   24.7800
1.1494,   24.9677
1.1506,   25.1554
1.1519,   25.3431
1.1531,   25.5309
1.1543,   25.7186
1.1555,   25.9063
1.1568,   26.0940
1.1580,   26.2818
1.1592,   26.4695
1.1604,   26.6572
1.1617,   26.8449
1.1629,   27.0327
1.1641,   27.2204
1.1654,   27.4081
1.1666,   27.5958
1.1678,   27.7836
1.1691,   27.9713
1.1703,   28.1590
1.1716,   28.3467
1.1728,   28.5345
1.1741,   28.7222
1.1753,   28.9099
1.1765,   29.0976
1.1778,   29.2854
1.1790,   29.4731
1.1803,   29.6608
1.1815,   29.8485
1.1828,   30.0363
1.1841,   30.2240
1.1853,   30.4117
1.1866,   30.5994
1.1878,   30.7872
1.1891,   30.9749
1.1903,   31.1626
1.1916,   31.3503
1.1929,   31.5381
1.1941,   31.7258
1.1954,   31.9135
1.1967,   32.1012
1.1979,   32.2890
1.1992,   32.4767
1.2005,   32.6644
1.2018,   32.8521
1.2030,   33.0398
1.2043,   33.2276
1.2056,   33.4153
1.2069,   33.6030
1.2081,   33.7907
1.2094,   33.9785
1.2107,   34.1662
1.2120,   34.3539
1.2133,   34.5416
1.2146,   34.7294
1.2158,   34.9171
1.2171,   35.1048
1.2184,   35.2925
1.2197,   35.4803
1.2210,   35.6680
1.2223,   35.8557
1.2236,   36.0434
1.2249,   36.2312
1.2262,   36.4189
1.2275,   36.6066
1.2288,   36.7943
1.2301,   36.9820
1.2314,   37.1698
1.2327,   37.3575
1.2340,   37.5452
1.2353,   37.7329
1.2366,   37.9207
1.2380,   38.1084
1.2393,   38.2961
1.2406,   38.4838
1.2419,   38.6716
1.2432,   38.8593
1.2445,   39.0470
1.2459,   39.2347
1.2472,   39.4225
1.2485,   39.6102
1.2498,   39.7979
1.2511,   39.9856
1.2525,   40.1733
1.2538,   40.3611
1.2551,   40.5488
1.2565,   40.7365
1.2578,   40.9242
1.2591,   41.1120
1.2605,   41.2997
1.2618,   41.4874
1.2631,   41.6751
1.2645,   41.8629
1.2658,   42.0506
1.2672,   42.2383
1.2685,   42.4260
1.2698,   42.6137
1.2712,   42.8015
1.2725,   42.9892
1.2739,   43.1769
1.2752,   43.3646
1.2766,   43.5524
1.2779,   43.7401
1.2793,   43.9278
1.2807,   44.1155
1.2820,   44.3032
1.2834,   44.4910
1.2847,   44.6787
1.2861,   44.8664
1.2875,   45.0541
1.2888,   45.2419
1.2902,   45.4296
1.2916,   45.6173
1.2929,   45.8050
1.2943,   45.9927
1.2957,   46.1805
1.2971,   46.3682
1.2984,   46.5559
1.2998,   46.7436
1.3012,   46.9314
1.3026,   47.1191
1.3039,   47.3068
1.3053,   47.4945
1.3067,   47.6822
1.3081,   47.8700
1.3095,   48.0577
1.3109,   48.2454
1.3123,   48.4331
1.3137,   48.6208
1.3150,   48.8086
1.3164,   48.9963
1.3178,   49.1840
1.3192,   49.3717
1.3206,   49.5595
1.3220,   49.7472
1.3234,   49.9349
1.3248,   50.1226
1.3262,   50.3103
1.3277,   50.4981
1.3291,   50.6858
1.3305,   50.8735
1.3319,   51.0612
1.3333,   51.2489
1.3347,   51.4367
1.3361,   51.6244
1.3375,   51.8121
1.3390,   51.9998
1.3404,   52.1876
1.3418,   52.3753
1.3432,   52.5630
1.3446,   52.7507
1.3461,   52.9384
1.3475,   53.1262
1.3489,   53.3139
1.3504,   53.5016
1.3518,   53.6893
1.3532,   53.8770
1.3547,   54.0648
1.3561,   54.2525
1.3575,   54.4402
1.3590,   54.6279
1.3604,   54.8156
1.3619,   55.0034
1.3633,   55.1911
1.3647,   55.3788
1.3662,   55.5665
1.3676,   55.7542
1.3691,   55.9420
1.3705,   56.1297
1.3720,   56.3174
1.3735,   56.5051
1.3749,   56.6928
1.3764,   56.8806
1.3778,   57.0683
1.3793,   57.2560
1.3808,   57.4437
1.3822,   57.6314
1.3837,   57.8192
1.3852,   58.0069
1.3866,   58.1946
1.3881,   58.3823
1.3896,   58.5700
1.3910,   58.7578
1.3925,   58.9455
1.3940,   59.1332
1.3955,   59.3209
1.3969,   59.5086
1.3984,   59.6964
1.3999,   59.8841
1.4014,   60.0718
1.4029,   60.2595
1.4044,   60.4472
1.4059,   60.6350
1.4073,   60.8227
1.4088,   61.0104
1.4103,   61.1981
1.4118,   61.3858
1.4133,   61.5735
1.4148,   61.7613
1.4163,   61.9490
1.4178,   62.1367
1.4193,   62.3244
1.4208,   62.5121
1.4223,   62.6999
1.4239,   62.8876
1.4254,   63.0753
1.4269,   63.2630
1.4284,   63.4507
1.4299,   63.6385
1.4314,   63.8262
1.4329,   64.0139
1.4345,   64.2016
1.4360,   64.3893
1.4375,   64.5770
1.4390,   64.7648
1.4406,   64.9525
1.4421,   65.1402
1.4436,   65.3279
1.4451,   65.5156
1.4467,   65.7034
1.4482,   65.8911
1.4497,   66.0788
1.4513,   66.2665
1.4528,   66.4542
1.4544,   66.6419
1.4559,   66.8297
1.4574,   67.0174
1.4590,   67.2051
1.4605,   67.3928
1.4621,   67.5805
1.4636,   67.7683
1.4652,   67.9560
1.4667,   68.1437
1.4683,   68.3314
1.4699,   68.5191
1.4714,   68.7068
1.4730,   68.8946
1.4745,   69.0823
1.4761,   69.2700
1.4777,   69.4577
1.4792,   69.6454
1.4808,   69.8331
1.4824,   70.0209
1.4839,   70.2086
1.4855,   70.3963
1.4871,   70.5840
1.4887,   70.7717
1.4902,   70.9594
1.4918,   71.1472
1.4934,   71.3349
1.4950,   71.5226
1.4966,   71.7103
1.4982,   71.8980
1.4998,   72.0857
1.5013,   72.2735
1.5029,   72.4612
1.5045,   72.6489
1.5061,   72.8366
1.5077,   73.0243
1.5093,   73.2120
1.5109,   73.3998
1.5125,   73.5875
1.5141,   73.7752
1.5157,   73.9629
1.5173,   74.1506
1.5190,   74.3383
1.5206,   74.5261
1.5222,   74.7138
1.5238,   74.9015
1.5254,   75.0892
1.5270,   75.2769
1.5286,   75.4646
1.5303,   75.6524
1.5319,   75.8401
1.5335,   76.0278
1.5351,   76.2155
1.5368,   76.4032
1.5384,   76.5909
1.5400,   76.7786
1.5417,   76.9664
1.5433,   77.1541
1.5449,   77.3418
1.5466,   77.5295
1.5482,   77.7172
1.5498,   77.9049
1.5515,   78.0927
1.5531,   78.2804
1.5548,   78.4681
1.5564,   78.6558
1.5581,   78.8435
1.5597,   79.0312
1.5614,   79.2189
1.5630,   79.4067
1.5647,   79.5944
1.5664,   79.7821
1.5680,   79.9698
1.5697,   80.1575
1.5714,   80.3452
1.5730,   80.5329
1.5747,   80.7207
1.5764,   80.9084
1.5780,   81.0961
1.5797,   81.2838
1.5814,   81.4715
1.5831,   81.6592
1.5847,   81.8469
1.5864,   82.0347
1.5881,   82.2224
1.5898,   82.4101
1.5915,   82.5978
1.5932,   82.7855
1.5948,   82.9732
1.5965,   83.1609
1.5982,   83.3487
1.5999,   83.5364
1.6016,   83.7241
1.6033,   83.9118
1.6050,   84.0995
1.6067,   84.2872
1.6084,   84.4749
1.6101,   84.6627
1.6118,   84.8504
1.6135,   85.0381
1.6153,   85.2258
1.6170,   85.4135
1.6187,   85.6012
1.6204,   85.7889
1.6221,   85.9766
1.6238,   86.1644
1.6256,   86.3521
1.6273,   86.5398
1.6290,   86.7275
1.6307,   86.9152
1.6325,   87.1029
1.6342,   87.2906
1.6359,   87.4783
1.6377,   87.6661
1.6394,   87.8538
1.6411,   88.0415
1.6429,   88.2292
1.6446,   88.4169
1.6464,   88.6046
1.6481,   88.7923
1.6499,   88.9800
1.6516,   89.1678
1.6534,   89.3555
1.6551,   89.5432
1.6569,   89.7309
1.6586,   89.9186
1.6604,   90.1063
1.6621,   90.2940
1.6639,   90.4817
1.6657,   90.6695
1.6674,   90.8572
1.6692,   91.0449
1.6710,   91.2326
1.6727,   91.4203
1.6745,   91.6080
1.6763,   91.7957
1.6781,   91.9834
1.6799,   92.1711
1.6816,   92.3589
1.6834,   92.5466
1.6852,   92.7343
1.6870,   92.9220
1.6888,   93.1097
1.6906,   93.2974
1.6924,   93.4851
1.6942,   93.6728
1.6960,   93.8605
1.6978,   94.0483
1.6996,   94.2360
1.7014,   94.4237
1.7032,   94.6114
1.7050,   94.7991
1.7068,   94.9868
1.7086,   95.1745
1.7104,   95.3622
1.7122,   95.5499
1.7140,   95.7377
1.7158,   95.9254
1.7177,   96.1131
1.7195,   96.3008
1.7213,   96.4885
1.7231,   96.6762
1.7250,   96.8639
1.7268,   97.0516
1.7286,   97.2393
1.7305,   97.4270
1.7323,   97.6147
1.7341,   97.8025
1.7360,   97.9902
1.7378,   98.1779
1.7396,   98.3656
1.7415,   98.5533
1.7433,   98.7410
1.7452,   98.9287
1.7470,   99.1164
1.7489,   99.3041
1.7507,   99.4918
1.7526,   99.6796
1.7545,   99.8673
1.7563,  100.0550
1.7582,  100.2427
1.7600,  100.4304
1.7619,  100.6181
1.7638,  100.8058
1.7657,  100.9935
1.7675,  101.1812
1.7694,  101.3689
1.7713,  101.5566
1.7732,  101.7443
1.7750,  101.9321
1.7769,  102.1198
1.7788,  102.3075
1.7807,  102.4952
1.7826,  102.6829
1.7845,  102.8706
1.7864,  103.0583
1.7882,  103.2460
1.7901,  103.4337
1.7920,  103.6214
1.7939,  103.8091
1.7958,  103.9968
1.7978,  104.1845
1.7997,  104.3723
1.8016,  104.5600
1.8035,  104.7477
1.8054,  104.9354
1.8073,  105.1231
1.8092,  105.3108
1.8111,  105.4985
1.8131,  105.6862
1.8150,  105.8739
1.8169,  106.0616
1.8188,  106.2493
1.8208,  106.4370
1.8227,  106.6247
1.8246,  106.8124
1.8266,  107.0001
1.8285,  107.1879
1.8304,  107.3756
1.8324,  107.5633
1.8343,  107.7510
1.8363,  107.9387
1.8382,  108.1264
1.8402,  108.3141
1.8421,  108.5018
1.8441,  108.6895
1.8460,  108.8772
1.8480,  109.0649
1.8499,  109.2526
1.8519,  109.4403
1.8539,  109.6280
1.8558,  109.8157
1.8578,  110.0034
1.8598,  110.1911
1.8617,  110.3789
1.8637,  110.5666
1.8657,  110.7543
1.8677,  110.9420
1.8696,  111.1297
1.8716,  111.3174
1.8736,  111.5051
1.8756,  111.6928
1.8776,  111.8805
1.8796,  112.0682
1.8816,  112.2559
1.8836,  112.4436
1.8856,  112.6313
1.8876,  112.8190
1.8896,  113.0067
1.8916,  113.1944
1.8936,  113.3821
1.8956,  113.5698
1.8976,  113.7575
1.8996,  113.9452
1.9016,  114.1329
1.9036,  114.3206
1.9057,  114.5084
1.9077,  114.6961
1.9097,  114.8838
1.9117,  115.0715
1.9138,  115.2592
1.9158,  115.4469
1.9178,  115.6346
1.9198,  115.8223
1.9219,  116.0100
1.9239,  116.1977
1.9260,  116.3854
1.9280,  116.5731
1.9300,  116.7608
1.9321,  116.9485
1.9341,  117.1362
1.9362,  117.3239
1.9382,  117.5116
1.9403,  117.6993
1.9424,  117.8870
1.9444,  118.0747
1.9465,  118.2624
1.9485,  118.4501
1.9506,  118.6378
1.9527,  118.8255
1.9547,  119.0132
1.9568,  119.2009
1.9589,  119.3886
1.9610,  119.5763
1.9631,  119.7640
1.9651,  119.9517
1.9672,  120.1394
1.9693,  120.3271
1.9714,  120.5148
1.9735,  120.7025
1.9756,  120.8902
1.9777,  121.0779
1.9798,  121.2656
1.9819,  121.4533
1.9840,  121.6410
1.9861,  121.8287
1.9882,  122.0164
1.9903,  122.2041
1.9924,  122.3918
1.9945,  122.5795
1.9966,  122.7672
1.9987,  122.9549
2.0009,  123.1426
2.0030,  123.3303
2.0051,  123.5180
2.0072,  123.7057
2.0094,  123.8934
2.0115,  124.0811
2.0136,  124.2688
2.0158,  124.4565
2.0179,  124.6442
2.0200,  124.8319
2.0222,  125.0196
2.0243,  125.2073
2.0265,  125.3950
2.0286,  125.5827
2.0308,  125.7704
2.0329,  125.9581
2.0351,  126.1458
2.0372,  126.3335
2.0394,  126.5212
2.0416,  126.7089
2.0437,  126.8966
2.0459,  127.0843
2.0481,  127.2720
2.0502,  127.4597
2.0524,  127.6474
2.0546,  127.8351
2.0568,  128.0228
2.0589,  128.2105
2.0611,  128.3982
2.0633,  128.5859
2.0655,  128.7736
2.0677,  128.9613
2.0699,  129.1490
2.0721,  129.3367
2.0743,  129.5244
2.0765,  129.7121
2.0787,  129.8998
2.0809,  130.0875
2.0831,  130.2752
2.0853,  130.4629
2.0875,  130.6506
2.0897,  130.8383
2.0919,  131.0260
2.0941,  131.2137
2.0964,  131.4014
2.0986,  131.5891
2.1008,  131.7768
2.1030,  131.9645
2.1053,  132.1521
2.1075,  132.3398
2.1097,  132.5275
2.1120,  132.7152
2.1142,  132.9029
2.1165,  133.0906
2.1187,  133.2783
2.1210,  133.4660
2.1232,  133.6537
2.1255,  133.8414
2.1277,  134.0291
2.1300,  134.2168
2.1322,  134.4045
2.1345,  134.5922
2.1367,  134.7799
2.1390,  134.9676
2.1413,  135.1553
2.1435,  135.3430
2.1458,  135.5307
2.1481,  135.7184
2.1504,  135.9061
2.1527,  136.0937
2.1549,  136.2814
2.1572,  136.4691
2.1595,  136.6568
2.1618,  136.8445
2.1641,  137.0322
2.1664,  137.2199
2.1687,  137.4076
2.1710,  137.5953
2.1733,  137.7830
2.1756,  137.9707
2.1779,  138.1584
2.1802,  138.3461
2.1825,  138.5338
2.1848,  138.7215
2.1871,  138.9091
2.1895,  139.0968
2.1918,  139.2845
2.1941,  139.4722
2.1964,  139.6599
2.1988,  139.8476
2.2011,  140.0353
2.2034,  140.2230
2.2058,  140.4107
2.2081,  140.5984
2.2104,  140.7861
2.2128,  140.9738
2.2151,  141.1615
2.2175,  141.3491
2.2198,  141.5368
2.2222,  141.7245
2.2245,  141.9122
2.2269,  142.0999
2.2293,  142.2876
2.2316,  142.4753
2.2340,  142.6630
2.2364,  142.8507
2.2387,  143.0384
2.2411,  143.2261
2.2435,  143.4137
2.2459,  143.6014
2.2482,  143.7891
2.2506,  143.9768
2.2530,  144.1645
2.2554,  144.3522
2.2578,  144.5399
2.2602,  144.7276
2.2626,  144.9153
2.2650,  145.1030
2.2674,  145.2906
2.2698,  145.4783
2.2722,  145.6660
2.2746,  145.8537
2.2770,  146.0414
2.2794,  146.2291
2.2819,  146.4168
2.2843,  146.6045
2.2867,  146.7922
2.2891,  146.9798
2.2915,  147.1675
2.2940,  147.3552
2.2964,  147.5429
2.2988,  147.7306
2.3013,  147.9183
2.3037,  148.1060
2.3062,  148.2937
2.3086,  148.4814
2.3111,  148.6690
2.3135,  148.8567
2.3160,  149.0444
2.3184,  149.2321
2.3209,  149.4198
2.3233,  149.6075
2.3258,  149.7952
2.3283,  149.9829
2.3307,  150.1705
2.3332,  150.3582
2.3357,  150.5459
2.3382,  150.7336
2.3406,  150.9213
2.3431,  151.1090
2.3456,  151.2967
2.3481,  151.4843
2.3506,  151.6720
2.3531,  151.8597
2.3556,  152.0474
2.3581,  152.2351
2.3606,  152.4228
2.3631,  152.6105
2.3656,  152.7981
2.3681,  152.9858
2.3706,  153.1735
2.3731,  153.3612
2.3756,  153.5489
2.3781,  153.7366
2.3807,  153.9242
2.3832,  154.1119
2.3857,  154.2996
2.3882,  154.4873
2.3908,  154.6750
2.3933,  154.8627
2.3958,  155.0504
2.3984,  155.2380
2.4009,  155.4257
2.4035,  155.6134
2.4060,  155.8011
2.4086,  155.9888
2.4111,  156.1765
2.4137,  156.3641
2.4162,  156.5518
2.4188,  156.7395
2.4214,  156.9272
2.4239,  157.1149
2.4265,  157.3026
2.4291,  157.4902
2.4316,  157.6779
2.4342,  157.8656
2.4368,  158.0533
2.4394,  158.2410
2.4420,  158.4286
2.4446,  158.6163
2.4472,  158.8040
2.4498,  158.9917
2.4524,  159.1794
2.4550,  159.3671
2.4576,  159.5547
2.4602,  159.7424
2.4628,  159.9301
2.4654,  160.1178
2.4680,  160.3055
2.4706,  160.4931
2.4732,  160.6808
2.4759,  160.8685
2.4785,  161.0562
2.4811,  161.2439
2.4837,  161.4315
2.4864,  161.6192
2.4890,  161.8069
2.4916,  161.9946
2.4943,  162.1823
2.4969,  162.3699
2.4996,  162.5576
2.5022,  162.7453
2.5049,  162.9330
2.5075,  163.1206
2.5102,  163.3083
2.5129,  163.4960
2.5155,  163.6837
2.5182,  163.8714
2.5209,  164.0590
2.5235,  164.2467
2.5262,  164.4344
2.5289,  164.6221
2.5316,  164.8098
2.5342,  164.9974
2.5369,  165.1851
2.5396,  165.3728
2.5423,  165.5605
2.5450,  165.7481
2.5477,  165.9358
2.5504,  166.1235
2.5531,  166.3112
2.5558,  166.4988
2.5585,  166.6865
2.5612,  166.8742
2.5640,  167.0619
2.5667,  167.2495
2.5694,  167.4372
2.5721,  167.6249
2.5749,  167.8126
2.5776,  168.0002
2.5803,  168.1879
2.5830,  168.3756
2.5858,  168.5633
2.5885,  168.7509
2.5913,  168.9386
2.5940,  169.1263
2.5968,  169.3140
2.5995,  169.5016
2.6023,  169.6893
2.6050,  169.8770
2.6078,  170.0647
2.6106,  170.2523
2.6133,  170.4400
2.6161,  170.6277
2.6189,  170.8154
2.6217,  171.0030
2.6244,  171.1907
2.6272,  171.3784
2.6300,  171.5661
2.6328,  171.7537
2.6356,  171.9414
2.6384,  172.1291
2.6412,  172.3167
2.6440,  172.5044
2.6468,  172.6921
2.6496,  172.8798
2.6524,  173.0674
2.6552,  173.2551
2.6580,  173.4428
2.6608,  173.6304
2.6637,  173.8181
2.6665,  174.0058
2.6693,  174.1935
2.6721,  174.3811
2.6750,  174.5688
2.6778,  174.7565
2.6806,  174.9441
2.6835,  175.1318
2.6863,  175.3195
2.6892,  175.5072
2.6920,  175.6948
2.6949,  175.8825
2.6977,  176.0702
2.7006,  176.2578
2.7035,  176.4455
2.7063,  176.6332
2.7092,  176.8208
2.7121,  177.0085
2.7149,  177.1962
2.7178,  177.3838
2.7207,  177.5715
2.7236,  177.7592
2.7265,  177.9468
2.7294,  178.1345
2.7323,  178.3222
2.7352,  178.5098
2.7381,  178.6975
2.7410,  178.8852
2.7439,  179.0729
2.7468,  179.2605
2.7497,  179.4482
2.7526,  179.6359
2.7555,  179.8235
2.7584,  180.0112
2.7614,  180.1989
2.7643,  180.3865
2.7672,  180.5742
2.7702,  180.7618
2.7731,  180.9495
2.7760,  181.1372
2.7790,  181.3248
2.7819,  181.5125
2.7849,  181.7002
2.7878,  181.8878
2.7908,  182.0755
2.7937,  182.2632
2.7967,  182.4508
2.7997,  182.6385
2.8026,  182.8262
2.8056,  183.0138
2.8086,  183.2015
2.8116,  183.3892
2.8145,  183.5768
2.8175,  183.7645
2.8205,  183.9521
2.8235,  184.1398
2.8265,  184.3275
2.8295,  184.5151
2.8325,  184.7028
2.8355,  184.8905
2.8385,  185.0781
2.8415,  185.2658
2.8445,  185.4534
2.8475,  185.6411
2.8506,  185.8288
2.8536,  186.0164
2.8566,  186.2041
2.8596,  186.3917
2.8627,  186.5794
2.8657,  186.7671
2.8687,  186.9547
2.8718,  187.1424
2.8748,  187.3300
2.8779,  187.5177
2.8809,  187.7054
2.8840,  187.8930
2.8870,  188.0807
2.8901,  188.2683
2.8932,  188.4560
2.8962,  188.6437
2.8993,  188.8313
2.9024,  189.0190
2.9054,  189.2066
2.9085,  189.3943
2.9116,  189.5820
2.9147,  189.7696
2.9178,  189.9573
2.9209,  190.1449
2.9240,  190.3326
2.9271,  190.5202
2.9302,  190.7079
2.9333,  190.8956
2.9364,  191.0832
2.9395,  191.2709
2.9426,  191.4585
2.9457,  191.6462
2.9489,  191.8338
2.9520,  192.0215
2.9551,  192.2092
2.9583,  192.3968
2.9614,  192.5845
2.9645,  192.7721
2.9677,  192.9598
2.9708,  193.1474
2.9740,  193.3351
2.9771,  193.5227
2.9803,  193.7104
2.9834,  193.8980
2.9866,  194.0857
2.9898,  194.2734
2.9929,  194.4610
2.9961,  194.6487
2.9993,  194.8363
3.0025,  195.0240
3.0056,  195.2116
3.0088,  195.3993
3.0120,  195.5869
3.0152,  195.7746
3.0184,  195.9622
3.0216,  196.1499
3.0248,  196.3375
3.0280,  196.5252
3.0312,  196.7128
3.0344,  196.9005
3.0377,  197.0881
3.0409,  197.2758
3.0441,  197.4634
3.0473,  197.6511
3.0506,  197.8387
3.0538,  198.0264
3.0570,  198.2140
3.0603,  198.4017
3.0635,  198.5893
3.0668,  198.7770
3.0700,  198.9646
3.0733,  199.1523
3.0765,  199.3399
3.0798,  199.5276
3.0831,  199.7152
3.0863,  199.9029
3.0896,  200.0905
3.0929,  200.2782
3.0961,  200.4658
3.0994,  200.6535
3.1027,  200.8411
3.1060,  201.0288
3.1093,  201.2164
3.1126,  201.4041
3.1159,  201.5917
3.1192,  201.7794
3.1225,  201.9670
3.1258,  202.1546
3.1291,  202.3423
3.1324,  202.5299
3.1358,  202.7176
3.1391,  202.9052
3.1424,  203.0929
3.1457,  203.2805
3.1491,  203.4682
3.1524,  203.6558
3.1558,  203.8435
3.1591,  204.0311
3.1625,  204.2187
3.1658,  204.4064
3.1692,  204.5940
3.1725,  204.7817
3.1759,  204.9693
3.1792,  205.1570
3.1826,  205.3446
3.1860,  205.5322
3.1894,  205.7199
3.1927,  205.9075
3.1961,  206.0952
3.1995,  206.2828
3.2029,  206.4705
3.2063,  206.6581
3.2097,  206.8457
3.2131,  207.0334
3.2165,  207.2210
3.2199,  207.4087
3.2233,  207.5963
3.2268,  207.7839
3.2302,  207.9716
3.2336,  208.1592
3.2370,  208.3469
3.2405,  208.5345
3.2439,  208.7221
3.2473,  208.9098
3.2508,  209.0974
3.2542,  209.2850
3.2577,  209.4727
3.2611,  209.6603
3.2646,  209.8480
3.2680,  210.0356
3.2715,  210.2232
3.2750,  210.4109
3.2784,  210.5985
3.2819,  210.7861
3.2854,  210.9738
3.2889,  211.1614
3.2924,  211.3491
3.2959,  211.5367
3.2993,  211.7243
3.3028,  211.9120
3.3063,  212.0996
3.3099,  212.2872
3.3134,  212.4749
3.3169,  212.6625
3.3204,  212.8501
3.3239,  213.0378
3.3274,  213.2254
3.3310,  213.4130
3.3345,  213.6007
3.3380,  213.7883
3.3416,  213.9759
3.3451,  214.1636
3.3486,  214.3512
3.3522,  214.5388
3.3558,  214.7265
3.3593,  214.9141
3.3629,  215.1017
3.3664,  215.2894
3.3700,  215.4770
3.3736,  215.6646
3.3771,  215.8523
3.3807,  216.0399
3.3843,  216.2275
3.3879,  216.4151
3.3915,  216.6028
3.3951,  216.7904
3.3987,  216.9780
3.4023,  217.1657
3.4059,  217.3533
3.4095,  217.5409
3.4131,  217.7285
3.4167,  217.9162
3.4204,  218.1038
3.4240,  218.2914
3.4276,  218.4791
3.4312,  218.6667
3.4349,  218.8543
3.4385,  219.0419
3.4422,  219.2296
3.4458,  219.4172
3.4495,  219.6048
3.4531,  219.7924
3.4568,  219.9801
3.4604,  220.1677
3.4641,  220.3553
3.4678,  220.5429
3.4715,  220.7306
3.4751,  220.9182
3.4788,  221.1058
3.4825,  221.2934
3.4862,  221.4811
3.4899,  221.6687
3.4936,  221.8563
3.4973,  222.0439
3.5010,  222.2316
3.5047,  222.4192
3.5084,  222.6068
3.5122,  222.7944
3.5159,  222.9820
3.5196,  223.1697
3.5233,  223.3573
3.5271,  223.5449
3.5308,  223.7325
3.5345,  223.9201
3.5383,  224.1078
3.5420,  224.2954
3.5458,  224.4830
3.5496,  224.6706
3.5533,  224.8582
3.5571,  225.0459
3.5609,  225.2335
3.5646,  225.4211
3.5684,  225.6087
3.5722,  225.7963
3.5760,  225.9840
3.5798,  226.1716
3.5836,  226.3592
3.5874,  226.5468
3.5912,  226.7344
3.5950,  226.9220
3.5988,  227.1097
3.6026,  227.2973
3.6064,  227.4849
3.6102,  227.6725
3.6141,  227.8601
3.6179,  228.0477
3.6217,  228.2353
3.6256,  228.4230
3.6294,  228.6106
3.6332,  228.7982
3.6371,  228.9858
3.6410,  229.1734
3.6448,  229.3610
3.6487,  229.5486
3.6525,  229.7363
3.6564,  229.9239
3.6603,  230.1115
3.6642,  230.2991
3.6681,  230.4867
3.6719,  230.6743
3.6758,  230.8619
3.6797,  231.0495
3.6836,  231.2371
3.6875,  231.4248
3.6914,  231.6124
3.6954,  231.8000
3.6993,  231.9876
3.7032,  232.1752
3.7071,  232.3628
3.7110,  232.5504
3.7150,  232.7380
3.7189,  232.9256
3.7229,  233.1132
3.7268,  233.3008
3.7307,  233.4884
3.7347,  233.6761
3.7387,  233.8637
3.7426,  234.0513
3.7466,  234.2389
3.7506,  234.4265
3.7545,  234.6141
3.7585,  234.8017
3.7625,  234.9893
3.7665,  235.1769
3.7705,  235.3645
3.7745,  235.5521
3.7785,  235.7397
3.7825,  235.9273
3.7865,  236.1149
3.7905,  236.3025
3.7945,  236.4901
3.7985,  236.6777
3.8026,  236.8653
3.8066,  237.0529
3.8106,  237.2405
3.8147,  237.4281
3.8187,  237.6157
3.8228,  237.8033
3.8268,  237.9909
3.8309,  238.1785
3.8349,  238.3661
3.8390,  238.5537
3.8431,  238.7413
3.8471,  238.9289
3.8512,  239.1165
3.8553,  239.3041
3.8594,  239.4917
3.8635,  239.6793
3.8676,  239.8669
3.8717,  240.0545
3.8758,  240.2421
3.8799,  240.4297
3.8840,  240.6173
3.8881,  240.8049
3.8922,  240.9925
3.8963,  241.1801
3.9005,  241.3677
3.9046,  241.5553
3.9087,  241.7429
3.9129,  241.9305
3.9170,  242.1181
3.9212,  242.3056
3.9253,  242.4932
3.9295,  242.6808
3.9337,  242.8684
3.9378,  243.0560
3.9420,  243.2436
3.9462,  243.4312
3.9504,  243.6188
3.9545,  243.8064
3.9587,  243.9940
3.9629,  244.1816
3.9671,  244.3692
3.9713,  244.5567
3.9755,  244.7443
3.9798,  244.9319
3.9840,  245.1195
3.9882,  245.3071
3.9924,  245.4947
3.9967,  245.6823
4.0009,  245.8699
4.0051,  246.0575
4.0094,  246.2450
4.0136,  246.4326
4.0179,  246.6202
4.0221,  246.8078
4.0264,  246.9954
4.0307,  247.1830
4.0349,  247.3706
4.0392,  247.5581
4.0435,  247.7457
4.0478,  247.9333
4.0521,  248.1209
4.0564,  248.3085
4.0607,  248.4961
4.0650,  248.6836
4.0693,  248.8712
4.0736,  249.0588
4.0779,  249.2464
4.0822,  249.4340
4.0865,  249.6215
4.0909,  249.8091
4.0952,  249.9967
4.0995,  250.1843
4.1039,  250.3719
4.1082,  250.5594
4.1126,  250.7470
4.1170,  250.9346
4.1213,  251.1222
4.1257,  251.3098
4.1301,  251.4973
4.1344,  251.6849
4.1388,  251.8725
4.1432,  252.0601
4.1476,  252.2476
4.1520,  252.4352
4.1564,  252.6228
4.1608,  252.8104
4.1652,  252.9979
4.1696,  253.1855
4.1740,  253.3731
4.1785,  253.5607
4.1829,  253.7482
4.1873,  253.9358
4.1917,  254.1234
4.1962,  254.3110
4.2006,  254.4985
4.2051,  254.6861
4.2095,  254.8737
4.2140,  255.0612
4.2185,  255.2488
4.2229,  255.4364
4.2274,  255.6240
4.2319,  255.8115
4.2364,  255.9991
4.2409,  256.1867
4.2454,  256.3742
4.2499,  256.5618
4.2544,  256.7494
4.2589,  256.9369
4.2634,  257.1245
4.2679,  257.3121
4.2724,  257.4996
4.2769,  257.6872
4.2815,  257.8748
4.2860,  258.0623
4.2906,  258.2499
4.2951,  258.4375
4.2997,  258.6250
4.3042,  258.8126
4.3088,  259.0001
4.3133,  259.1877
4.3179,  259.3753
4.3225,  259.5628
4.3271,  259.7504
4.3316,  259.9380
4.3362,  260.1255
4.3408,  260.3131
4.3454,  260.5006
4.3500,  260.6882
4.3546,  260.8758
4.3593,  261.0633
4.3639,  261.2509
4.3685,  261.4384
4.3731,  261.6260
4.3778,  261.8136
4.3824,  262.0011
4.3870,  262.1887
4.3917,  262.3762
4.3963,  262.5638
4.4010,  262.7513
4.4057,  262.9389
4.4103,  263.1264
4.4150,  263.3140
4.4197,  263.5016
4.4244,  263.6891
4.4291,  263.8767
4.4337,  264.0642
4.4384,  264.2518
4.4431,  264.4393
4.4479,  264.6269
4.4526,  264.8144
4.4573,  265.0020
4.4620,  265.1895
4.4667,  265.3771
4.4715,  265.5646
4.4762,  265.7522
4.4809,  265.9397
4.4857,  266.1273
4.4904,  266.3148
4.4952,  266.5024
4.5000,  266.6899
4.5047,  266.8775
4.5095,  267.0650
4.5143,  267.2526
4.5191,  267.4401
4.5239,  267.6276
4.5287,  267.8152
4.5334,  268.0027
4.5383,  268.1903
4.5431,  268.3778
4.5479,  268.5654
4.5527,  268.7529
4.5575,  268.9405
4.5623,  269.1280
4.5672,  269.3155
4.5720,  269.5031
4.5769,  269.6906
4.5817,  269.8782
4.5866,  270.0657
4.5914,  270.2532
4.5963,  270.4408
4.6012,  270.6283
4.6060,  270.8159
4.6109,  271.0034
4.6158,  271.1909
4.6207,  271.3785
4.6256,  271.5660
4.6305,  271.7535
4.6354,  271.9411
4.6403,  272.1286
4.6452,  272.3161
4.6501,  272.5037
4.6551,  272.6912
4.6600,  272.8788
4.6649,  273.0663
4.6699,  273.2538
4.6748,  273.4413
4.6798,  273.6289
4.6847,  273.8164
4.6897,  274.0039
4.6947,  274.1915
4.6996,  274.3790
4.7046,  274.5665
4.7096,  274.7541
4.7146,  274.9416
4.7196,  275.1291
4.7246,  275.3166
4.7296,  275.5042
4.7346,  275.6917
4.7396,  275.8792
4.7446,  276.0668
4.7497,  276.2543
4.7547,  276.4418
4.7597,  276.6293
4.7648,  276.8169
4.7698,  277.0044
4.7749,  277.1919
4.7799,  277.3794
4.7850,  277.5670
4.7901,  277.7545
4.7951,  277.9420
4.8002,  278.1295
4.8053,  278.3170
4.8104,  278.5046
4.8155,  278.6921
4.8206,  278.8796
4.8257,  279.0671
4.8308,  279.2546
4.8359,  279.4422
4.8410,  279.6297
4.8462,  279.8172
4.8513,  280.0047
4.8564,  280.1922
4.8616,  280.3797
4.8667,  280.5672
4.8719,  280.7548
4.8771,  280.9423
4.8822,  281.1298
4.8874,  281.3173
4.8926,  281.5048
4.8978,  281.6923
4.9029,  281.8798
4.9081,  282.0674
4.9133,  282.2549
4.9185,  282.4424
4.9238,  282.6299
4.9290,  282.8174
4.9342,  283.0049
4.9394,  283.1924
4.9446,  283.3799
4.9499,  283.5674
4.9551,  283.7549
4.9604,  283.9424
4.9656,  284.1299
4.9709,  284.3175
4.9762,  284.5050
4.9814,  284.6925
4.9867,  284.8800
4.9920,  285.0675
4.9973,  285.2550
5.0026,  285.4425
5.0079,  285.6300
5.0132,  285.8175
5.0185,  286.0050
5.0238,  286.1925
5.0291,  286.3800
5.0344,  286.5675
5.0398,  286.7550
5.0451,  286.9425
5.0505,  287.1300
5.0558,  287.3175
5.0612,  287.5050
5.0665,  287.6925
5.0719,  287.8800
5.0773,  288.0675
5.0826,  288.2550
5.0880,  288.4424
5.0934,  288.6299
5.0988,  288.8174
5.1042,  289.0049
5.1096,  289.1924
5.1150,  289.3799
5.1204,  289.5674
5.1259,  289.7549
5.1313,  289.9424
5.1367,  290.1299
5.1422,  290.3174
5.1476,  290.5049
5.1531,  290.6923
5.1585,  290.8798
5.1640,  291.0673
5.1695,  291.2548
5.1749,  291.4423
5.1804,  291.6298
5.1859,  291.8173
5.1914,  292.0047
5.1969,  292.1922
5.2024,  292.3797
5.2079,  292.5672
5.2134,  292.7547
5.2189,  292.9422
5.2245,  293.1296
5.2300,  293.3171
5.2355,  293.5046
5.2411,  293.6921
5.2466,  293.8796
5.2522,  294.0670
5.2578,  294.2545
5.2633,  294.4420
5.2689,  294.6295
5.2745,  294.8169
5.2801,  295.0044
5.2857,  295.1919
5.2913,  295.3794
5.2969,  295.5668
5.3025,  295.7543
5.3081,  295.9418
5.3137,  296.1293
5.3193,  296.3167
5.3250,  296.5042
5.3306,  296.6917
5.3363,  296.8791
5.3419,  297.0666
5.3476,  297.2541
5.3532,  297.4416
5.3589,  297.6290
5.3646,  297.8165
5.3703,  298.0040
5.3759,  298.1914
5.3816,  298.3789
5.3873,  298.5664
5.3930,  298.7538
5.3988,  298.9413
5.4045,  299.1287
5.4102,  299.3162
5.4159,  299.5037
5.4217,  299.6911
5.4274,  299.8786
5.4331,  300.0661
5.4389,  300.2535
5.4447,  300.4410
5.4504,  300.6284
5.4562,  300.8159
5.4620,  301.0033
5.4678,  301.1908
5.4736,  301.3783
5.4793,  301.5657
5.4851,  301.7532
5.4910,  301.9406
5.4968,  302.1281
5.5026,  302.3155
5.5084,  302.5030
5.5143,  302.6904
5.5201,  302.8779
5.5259,  303.0653
5.5318,  303.2528
5.5376,  303.4402
5.5435,  303.6277
5.5494,  303.8151
5.5553,  304.0026
5.5611,  304.1900
5.5670,  304.3775
5.5729,  304.5649
5.5788,  304.7524
5.5847,  304.9398
5.5906,  305.1273
5.5966,  305.3147
5.6025,  305.5021
5.6084,  305.6896
5.6144,  305.8770
5.6203,  306.0645
5.6263,  306.2519
5.6322,  306.4393
5.6382,  306.6268
5.6442,  306.8142
5.6501,  307.0017
5.6561,  307.1891
5.6621,  307.3765
5.6681,  307.5640
5.6741,  307.7514
5.6801,  307.9388
5.6861,  308.1263
5.6921,  308.3137
5.6982,  308.5011
5.7042,  308.6886
5.7102,  308.8760
5.7163,  309.0634
5.7223,  309.2509
5.7284,  309.4383
5.7345,  309.6257
5.7405,  309.8131
5.7466,  310.0006
5.7527,  310.1880
5.7588,  310.3754
5.7649,  310.5629
5.7710,  310.7503
5.7771,  310.9377
5.7832,  311.1251
5.7893,  311.3125
5.7955,  311.5000
5.8016,  311.6874
5.8077,  311.8748
5.8139,  312.0622
5.8201,  312.2497
5.8262,  312.4371
5.8324,  312.6245
5.8386,  312.8119
5.8447,  312.9993
5.8509,  313.1867
5.8571,  313.3742
5.8633,  313.5616
5.8695,  313.7490
5.8757,  313.9364
5.8820,  314.1238
5.8882,  314.3112
5.8944,  314.4986
5.9007,  314.6860
5.9069,  314.8735
5.9132,  315.0609
5.9194,  315.2483
5.9257,  315.4357
5.9320,  315.6231
5.9383,  315.8105
5.9445,  315.9979
5.9508,  316.1853
5.9571,  316.3727
5.9634,  316.5601
5.9698,  316.7475
5.9761,  316.9349
5.9824,  317.1223
5.9887,  317.3097
5.9951,  317.4971
6.0014,  317.6845
6.0078,  317.8719
6.0141,  318.0593
6.0205,  318.2467
6.0269,  318.4341
6.0333,  318.6215
6.0396,  318.8089
6.0460,  318.9963
6.0524,  319.1837
6.0588,  319.3711
6.0653,  319.5585
6.0717,  319.7459
6.0781,  319.9332
6.0845,  320.1206
6.0910,  320.3080
6.0974,  320.4954
6.1039,  320.6828
6.1103,  320.8702
6.1168,  321.0576
6.1233,  321.2450
6.1298,  321.4323
6.1363,  321.6197
6.1428,  321.8071
6.1493,  321.9945
6.1558,  322.1819
6.1623,  322.3693
6.1688,  322.5566
6.1753,  322.7440
6.1819,  322.9314
6.1884,  323.1188
6.1950,  323.3062
6.2015,  323.4935
6.2081,  323.6809
6.2147,  323.8683
6.2212,  324.0557
6.2278,  324.2430
6.2344,  324.4304
6.2410,  324.6178
6.2476,  324.8051
6.2542,  324.9925
6.2609,  325.1799
6.2675,  325.3672
6.2741,  325.5546
6.2808,  325.7420
6.2874,  325.9293
6.2941,  326.1167
6.3007,  326.3041
6.3074,  326.4914
6.3141,  326.6788
6.3207,  326.8662
6.3274,  327.0535
6.3341,  327.2409
6.3408,  327.4282
6.3475,  327.6156
6.3543,  327.8030
6.3610,  327.9903
6.3677,  328.1777
6.3745,  328.3650
6.3812,  328.5524
6.3880,  328.7397
6.3947,  328.9271
6.4015,  329.1144
6.4083,  329.3018
6.4151,  329.4892
6.4218,  329.6765
6.4286,  329.8639
6.4354,  330.0512
6.4423,  330.2385
6.4491,  330.4259
6.4559,  330.6132
6.4627,  330.8006
6.4696,  330.9879
6.4764,  331.1753
6.4833,  331.3626
6.4901,  331.5500
6.4970,  331.7373
6.5039,  331.9246
6.5108,  332.1120
6.5176,  332.2993
6.5245,  332.4867
6.5315,  332.6740
6.5384,  332.8613
6.5453,  333.0487
6.5522,  333.2360
6.5591,  333.4233
6.5661,  333.6107
6.5730,  333.7980
6.5800,  333.9853
6.5870,  334.1727
6.5939,  334.3600
6.6009,  334.5473
6.6079,  334.7346
6.6149,  334.9220
6.6219,  335.1093
6.6289,  335.2966
6.6359,  335.4839
6.6429,  335.6713
6.6500,  335.8586
6.6570,  336.0459
6.6640,  336.2332
6.6711,  336.4205
6.6781,  336.6079
6.6852,  336.7952
6.6923,  336.9825
6.6994,  337.1698
6.7065,  337.3571
6.7136,  337.5444
6.7207,  337.7318
6.7278,  337.9191
6.7349,  338.1064
6.7420,  338.2937
6.7492,  338.4810
6.7563,  338.6683
6.7634,  338.8556
6.7706,  339.0429
6.7778,  339.2302
6.7849,  339.4175
6.7921,  339.6048
6.7993,  339.7921
6.8065,  339.9794
6.8137,  340.1667
6.8209,  340.3540
6.8281,  340.5413
6.8353,  340.7286
6.8426,  340.9159
6.8498,  341.1032
6.8571,  341.2905
6.8643,  341.4778
6.8716,  341.6651
6.8789,  341.8524
6.8861,  342.0397
6.8934,  342.2270
6.9007,  342.4143
6.9080,  342.6016
6.9153,  342.7889
6.9226,  342.9761
6.9300,  343.1634
6.9373,  343.3507
6.9446,  343.5380
6.9520,  343.7253
6.9593,  343.9126
6.9667,  344.0998
6.9741,  344.2871
6.9814,  344.4744
6.9888,  344.6617
6.9962,  344.8490
7.0036,  345.0362
7.0110,  345.2235
7.0185,  345.4108
7.0259,  345.5981
7.0333,  345.7853
7.0408,  345.9726
7.0482,  346.1599
7.0557,  346.3471
7.0631,  346.5344
7.0706,  346.7217
7.0781,  346.9090
7.0856,  347.0962
7.0931,  347.2835
7.1006,  347.4707
7.1081,  347.6580
7.1156,  347.8453
7.1231,  348.0325
7.1307,  348.2198
7.1382,  348.4070
7.1458,  348.5943
7.1533,  348.7816
7.1609,  348.9688
7.1685,  349.1561
7.1760,  349.3433
7.1836,  349.5306
7.1912,  349.7178
7.1988,  349.9051
7.2065,  350.0923
7.2141,  350.2796
7.2217,  350.4668
7.2293,  350.6541
7.2370,  350.8413
7.2446,  351.0286
7.2523,  351.2158
7.2600,  351.4030
7.2677,  351.5903
7.2753,  351.7775
7.2830,  351.9648
7.2907,  352.1520
7.2985,  352.3392
7.3062,  352.5265
7.3139,  352.7137
7.3216,  352.9009
7.3294,  353.0882
7.3371,  353.2754
7.3449,  353.4626
7.3527,  353.6499
7.3604,  353.8371
7.3682,  354.0243
7.3760,  354.2116
7.3838,  354.3988
7.3916,  354.5860
7.3995,  354.7732
7.4073,  354.9604
7.4151,  355.1477
7.4230,  355.3349
7.4308,  355.5221
7.4387,  355.7093
7.4465,  355.8965
7.4544,  356.0838
7.4623,  356.2710
7.4702,  356.4582
7.4781,  356.6454
7.4860,  356.8326
7.4939,  357.0198
7.5018,  357.2070
7.5098,  357.3942
7.5177,  357.5814
7.5257,  357.7686
7.5336,  357.9558
7.5416,  358.1430
7.5496,  358.3302
7.5575,  358.5174
7.5655,  358.7046
7.5735,  358.8918
7.5815,  359.0790
7.5896,  359.2662
7.5976,  359.4534
7.6056,  359.6406
7.6137,  359.8278
7.6217,  360.0150
7.6298,  360.2022
7.6378,  360.3894
7.6459,  360.5766
7.6540,  360.7638
7.6621,  360.9510
7.6702,  361.1381
7.6783,  361.3253
7.6864,  361.5125
7.6946,  361.6997
7.7027,  361.8869
7.7108,  362.0740
7.7190,  362.2612
7.7272,  362.4484
7.7353,  362.6356
7.7435,  362.8227
7.7517,  363.0099
7.7599,  363.1971
7.7681,  363.3843
7.7763,  363.5714
7.7845,  363.7586
7.7928,  363.9458
7.8010,  364.1329
7.8093,  364.3201
7.8175,  364.5073
7.8258,  364.6944
7.8340,  364.8816
7.8423,  365.0687
7.8506,  365.2559
7.8589,  365.4430
7.8672,  365.6302
7.8756,  365.8174
7.8839,  366.0045
7.8922,  366.1917
7.9006,  366.3788
7.9089,  366.5660
7.9173,  366.7531
7.9256,  366.9403
7.9340,  367.1274
7.9424,  367.3145
7.9508,  367.5017
7.9592,  367.6888
7.9676,  367.8760
7.9760,  368.0631
7.9845,  368.2503
7.9929,  368.4374
8.0014,  368.6245
8.0098,  368.8117
8.0183,  368.9988
8.0268,  369.1859
8.0353,  369.3731
8.0438,  369.5602
8.0523,  369.7473
8.0608,  369.9344
8.0693,  370.1216
8.0778,  370.3087
8.0864,  370.4958
8.0949,  370.6829
8.1035,  370.8700
8.1120,  371.0572
8.1206,  371.2443
8.1292,  371.4314
8.1378,  371.6185
8.1464,  371.8056
8.1550,  371.9927
8.1636,  372.1799
8.1722,  372.3670
8.1809,  372.5541
8.1895,  372.7412
8.1982,  372.9283
8.2069,  373.1154
8.2155,  373.3025
8.2242,  373.4896
8.2329,  373.6767
8.2416,  373.8638
8.2503,  374.0509
8.2590,  374.2380
8.2678,  374.4251
8.2765,  374.6122
8.2852,  374.7993
8.2940,  374.9864
8.3028,  375.1734
8.3115,  375.3605
8.3203,  375.5476
8.3291,  375.7347
8.3379,  375.9218
8.3467,  376.1089
8.3556,  376.2959
8.3644,  376.4830
8.3732,  376.6701
8.3821,  376.8572
8.3909,  377.0443
8.3998,  377.2313
8.4087,  377.4184
8.4176,  377.6055
8.4265,  377.7925
8.4354,  377.9796
8.4443,  378.1667
8.4532,  378.3537
8.4621,  378.5408
8.4711,  378.7279
8.4800,  378.9149
8.4890,  379.1020
8.4980,  379.2891
8.5069,  379.4761
8.5159,  379.6632
8.5249,  379.8502
8.5339,  380.0373
8.5430,  380.2243
8.5520,  380.4114
8.5610,  380.5984
8.5701,  380.7855
8.5791,  380.9725
8.5882,  381.1596
8.5973,  381.3466
8.6064,  381.5336
8.6154,  381.7207
8.6245,  381.9077
8.6337,  382.0948
8.6428,  382.2818
8.6519,  382.4688
8.6611,  382.6559
8.6702,  382.8429
8.6794,  383.0299
8.6885,  383.2169
8.6977,  383.4040
8.7069,  383.5910
8.7161,  383.7780
8.7253,  383.9650
8.7345,  384.1521
8.7438,  384.3391
8.7530,  384.5261
8.7622,  384.7131
8.7715,  384.9001
8.7808,  385.0871
8.7900,  385.2741
8.7993,  385.4612
8.8086,  385.6482
8.8179,  385.8352
8.8273,  386.0222
8.8366,  386.2092
8.8459,  386.3962
8.8553,  386.5832
8.8646,  386.7702
8.8740,  386.9572
8.8833,  387.1442
8.8927,  387.3312
8.9021,  387.5181
8.9115,  387.7051
8.9209,  387.8921
8.9304,  388.0791
8.9398,  388.2661
8.9492,  388.4531
8.9587,  388.6401
8.9682,  388.8270
8.9776,  389.0140
8.9871,  389.2010
8.9966,  389.3880
9.0061,  389.5750
9.0156,  389.7619
9.0251,  389.9489
9.0347,  390.1359
9.0442,  390.3228
9.0538,  390.5098
9.0633,  390.6968
9.0729,  390.8837
9.0825,  391.0707
9.0921,  391.2577
9.1017,  391.4446
9.1113,  391.6316
9.1209,  391.8185
9.1306,  392.0055
9.1402,  392.1924
9.1499,  392.3794
9.1595,  392.5663
9.1692,  392.7533
9.1789,  392.9402
9.1886,  393.1272
9.1983,  393.3141
9.2080,  393.5010
9.2177,  393.6880
9.2274,  393.8749
9.2372,  394.0618
9.2469,  394.2488
9.2567,  394.4357
9.2665,  394.6226
9.2763,  394.8096
9.2861,  394.9965
9.2959,  395.1834
9.3057,  395.3703
9.3155,  395.5573
9.3253,  395.7442
9.3352,  395.9311
9.3451,  396.1180
9.3549,  396.3049
9.3648,  396.4918
9.3747,  396.6788
9.3846,  396.8657
9.3945,  397.0526
9.4044,  397.2395
9.4143,  397.4264
9.4243,  397.6133
9.4342,  397.8002
9.4442,  397.9871
9.4542,  398.1740
9.4641,  398.3609
9.4741,  398.5478
9.4841,  398.7347
9.4942,  398.9215
9.5042,  399.1084
9.5142,  399.2953
9.5243,  399.4822
9.5343,  399.6691
9.5444,  399.8560
9.5545,  400.0428
9.5645,  400.2297
9.5746,  400.4166
9.5847,  400.6035
9.5949,  400.7903
9.6050,  400.9772
9.6151,  401.1641
9.6253,  401.3509
9.6354,  401.5378
9.6456,  401.7247
9.6558,  401.9115
9.6660,  402.0984
9.6762,  402.2852
9.6864,  402.4721
9.6966,  402.6589
9.7069,  402.8458
9.7171,  403.0326
9.7274,  403.2195
9.7376,  403.4063
9.7479,  403.5932
9.7582,  403.7800
9.7685,  403.9669
9.7788,  404.1537
9.7891,  404.3405
9.7995,  404.5274
9.8098,  404.7142
9.8202,  404.9010
9.8305,  405.0879
9.8409,  405.2747
9.8513,  405.4615
9.8617,  405.6483
9.8721,  405.8352
9.8825,  406.0220
9.8929,  406.2088
9.9034,  406.3956
9.9138,  406.5824
9.9243,  406.7692
9.9348,  406.9560
9.9453,  407.1428
9.9557,  407.3296
9.9663,  407.5164
9.9768,  407.7032
9.9873,  407.8900
9.9978,  408.0768
10.0084,  408.2636
10.0190,  408.4504
10.0295,  408.6372
10.0401,  408.8240
10.0507,  409.0108
10.0613,  409.1976
10.0719,  409.3844
10.0825,  409.5711
10.0932,  409.7579
10.1038,  409.9447
10.1145,  410.1315
10.1252,  410.3182
10.1359,  410.5050
10.1465,  410.6918
10.1573,  410.8785
10.1680,  411.0653
10.1787,  411.2521
10.1894,  411.4388
10.2002,  411.6256
10.2109,  411.8124
10.2217,  411.9991
10.2325,  412.1859
10.2433,  412.3726
10.2541,  412.5594
10.2649,  412.7461
10.2758,  412.9328
10.2866,  413.1196
10.2974,  413.3063
10.3083,  413.4931
10.3192,  413.6798
10.3301,  413.8665
10.3410,  414.0533
10.3519,  414.2400
10.3628,  414.4267
10.3737,  414.6134
10.3847,  414.8002
10.3956,  414.9869
10.4066,  415.1736
10.4176,  415.3603
10.4286,  415.5470
10.4396,  415.7337
10.4506,  415.9204
10.4616,  416.1072
10.4726,  416.2939
10.4837,  416.4806
10.4947,  416.6673
10.5058,  416.8540
10.5169,  417.0407
10.5280,  417.2274
10.5391,  417.4140
10.5502,  417.6007
10.5613,  417.7874
10.5724,  417.9741
10.5836,  418.1608
10.5948,  418.3475
10.6059,  418.5341
10.6171,  418.7208
10.6283,  418.9075
10.6395,  419.0942
10.6507,  419.2808
10.6620,  419.4675
10.6732,  419.6542
10.6845,  419.8408
10.6957,  420.0275
10.7070,  420.2141
10.7183,  420.4008
10.7296,  420.5875
10.7409,  420.7741
10.7522,  420.9608
10.7636,  421.1474
10.7749,  421.3340
10.7863,  421.5207
10.7977,  421.7073
10.8090,  421.8940
10.8204,  422.0806
10.8319,  422.2672
10.8433,  422.4539
10.8547,  422.6405
10.8661,  422.8271
10.8776,  423.0137
10.8891,  423.2004
10.9006,  423.3870
10.9120,  423.5736
10.9235,  423.7602
10.9351,  423.9468
10.9466,  424.1334
10.9581,  424.3200
10.9697,  424.5066
10.9812,  424.6932
10.9928,  424.8798
11.0044,  425.0664
11.0160,  425.2530
11.0276,  425.4396
11.0392,  425.6262
11.0509,  425.8128
11.0625,  425.9994
11.0742,  426.1860
11.0859,  426.3726
11.0975,  426.5591
11.1092,  426.7457
11.1210,  426.9323
11.1327,  427.1188
11.1444,  427.3054
11.1562,  427.4920
11.1679,  427.6785
11.1797,  427.8651
11.1915,  428.0517
11.2033,  428.2382
11.2151,  428.4248
11.2269,  428.6113
11.2387,  428.7979
11.2506,  428.9844
11.2624,  429.1710
11.2743,  429.3575
11.2862,  429.5440
11.2981,  429.7306
11.3100,  429.9171
11.3219,  430.1036
11.3338,  430.2902
11.3458,  430.4767
11.3577,  430.6632
11.3697,  430.8497
11.3817,  431.0362
11.3936,  431.2228
11.4057,  431.4093
11.4177,  431.5958
11.4297,  431.7823
11.4417,  431.9688
11.4538,  432.1553
11.4659,  432.3418
11.4779,  432.5283
11.4900,  432.7148
11.5021,  432.9013
11.5143,  433.0878
11.5264,  433.2742
11.5385,  433.4607
11.5507,  433.6472
11.5629,  433.8337
11.5750,  434.0202
11.5872,  434.2066
11.5994,  434.3931
11.6117,  434.5796
11.6239,  434.7660
11.6361,  434.9525
11.6484,  435.1390
11.6607,  435.3254
11.6729,  435.5119
11.6852,  435.6983
11.6975,  435.8848
11.7099,  436.0712
11.7222,  436.2577
11.7345,  436.4441
11.7469,  436.6305
11.7593,  436.8170
11.7717,  437.0034
11.7841,  437.1898
11.7965,  437.3763
11.8089,  437.5627
11.8213,  437.7491
11.8338,  437.9355
11.8462,  438.1219
11.8587,  438.3083
11.8712,  438.4948
11.8837,  438.6812
11.8962,  438.8676
11.9087,  439.0540
11.9213,  439.2404
11.9338,  439.4268
11.9464,  439.6131
11.9590,  439.7995
11.9716,  439.9859
11.9842,  440.1723
11.9968,  440.3587
12.0094,  440.5451
12.0221,  440.7314
12.0347,  440.9178
12.0474,  441.1042
12.0601,  441.2906
12.0728,  441.4769
12.0855,  441.6633
12.0982,  441.8496
12.1110,  442.0360
12.1237,  442.2223
12.1365,  442.4087
12.1492,  442.5950
12.1620,  442.7814
12.1748,  442.9677
12.1876,  443.1541
12.2005,  443.3404
12.2133,  443.5267
12.2262,  443.7131
12.2390,  443.8994
12.2519,  444.0857
12.2648,  444.2720
12.2777,  444.4583
12.2907,  444.6447
12.3036,  444.8310
12.3165,  445.0173
12.3295,  445.2036
12.3425,  445.3899
12.3555,  445.5762
12.3685,  445.7625
12.3815,  445.9488
12.3945,  446.1351
12.4076,  446.3213
12.4206,  446.5076
12.4337,  446.6939
12.4468,  446.8802
12.4599,  447.0665
12.4730,  447.2527
12.4861,  447.4390
12.4992,  447.6253
12.5124,  447.8115
12.5256,  447.9978
12.5387,  448.1840
12.5519,  448.3703
12.5651,  448.5565
12.5784,  448.7428
12.5916,  448.9290
12.6048,  449.1153
12.6181,  449.3015
12.6314,  449.4877
12.6447,  449.6740
12.6580,  449.8602
12.6713,  450.0464
12.6846,  450.2326
12.6980,  450.4189
12.7113,  450.6051
12.7247,  450.7913
12.7381,  450.9775
12.7515,  451.1637
12.7649,  451.3499
12.7783,  451.5361
12.7918,  451.7223
12.8052,  451.9085
12.8187,  452.0947
12.8322,  452.2808
12.8457,  452.4670
12.8592,  452.6532
12.8727,  452.8394
12.8862,  453.0256
12.8998,  453.2117
12.9134,  453.3979
12.9269,  453.5840
12.9405,  453.7702
12.9541,  453.9564
12.9678,  454.1425
12.9814,  454.3287
12.9951,  454.5148
13.0087,  454.7009
13.0224,  454.8871
13.0361,  455.0732
13.0498,  455.2594
13.0635,  455.4455
13.0773,  455.6316
13.0910,  455.8177
13.1048,  456.0038
13.1185,  456.1900
13.1323,  456.3761
13.1461,  456.5622
13.1600,  456.7483
13.1738,  456.9344
13.1877,  457.1205
13.2015,  457.3066
13.2154,  457.4927
13.2293,  457.6788
13.2432,  457.8648
13.2571,  458.0509
13.2711,  458.2370
13.2850,  458.4231
13.2990,  458.6091
13.3129,  458.7952
13.3269,  458.9813
13.3409,  459.1673
13.3550,  459.3534
13.3690,  459.5394
13.3831,  459.7255
13.3971,  459.9115
13.4112,  460.0976
13.4253,  460.2836
13.4394,  460.4696
13.4535,  460.6557
13.4677,  460.8417
13.4818,  461.0277
13.4960,  461.2137
13.5102,  461.3997
13.5244,  461.5858
13.5386,  461.7718
13.5528,  461.9578
13.5670,  462.1438
13.5813,  462.3298
13.5956,  462.5158
13.6099,  462.7018
13.6242,  462.8877
13.6385,  463.0737
13.6528,  463.2597
13.6671,  463.4457
13.6815,  463.6316
13.6959,  463.8176
13.7103,  464.0036
13.7247,  464.1895
13.7391,  464.3755
13.7535,  464.5614
13.7680,  464.7474
13.7824,  464.9333
13.7969,  465.1193
13.8114,  465.3052
13.8259,  465.4912
13.8404,  465.6771
13.8550,  465.8630
13.8695,  466.0489
13.8841,  466.2349
13.8987,  466.4208
13.9133,  466.6067
13.9279,  466.7926
13.9425,  466.9785
13.9571,  467.1644
13.9718,  467.3503
13.9865,  467.5362
14.0012,  467.7221
14.0159,  467.9079
14.0306,  468.0938
14.0453,  468.2797
14.0601,  468.4656
14.0748,  468.6514
14.0896,  468.8373
14.1044,  469.0232
14.1192,  469.2090
14.1340,  469.3949
14.1489,  469.5807
14.1637,  469.7666
14.1786,  469.9524
14.1935,  470.1382
14.2084,  470.3241
14.2233,  470.5099
14.2382,  470.6957
14.2532,  470.8815
14.2681,  471.0674
14.2831,  471.2532
14.2981,  471.4390
14.3131,  471.6248
14.3281,  471.8106
14.3432,  471.9964
14.3582,  472.1822
14.3733,  472.3680
14.3884,  472.5537
14.4035,  472.7395
14.4186,  472.9253
14.4337,  473.1111
14.4489,  473.2968
14.4640,  473.4826
14.4792,  473.6684
14.4944,  473.8541
14.5096,  474.0399
14.5248,  474.2256
14.5401,  474.4113
14.5553,  474.5971
14.5706,  474.7828
14.5859,  474.9685
14.6012,  475.1543
14.6165,  475.3400
14.6319,  475.5257
14.6472,  475.7114
14.6626,  475.8971
14.6780,  476.0828
14.6934,  476.2685
14.7088,  476.4542
14.7242,  476.6399
14.7397,  476.8256
14.7551,  477.0113
14.7706,  477.1970
14.7861,  477.3826
14.8016,  477.5683
14.8171,  477.7540
14.8327,  477.9396
14.8482,  478.1253
14.8638,  478.3109
14.8794,  478.4966
14.8950,  478.6822
14.9106,  478.8679
14.9262,  479.0535
14.9419,  479.2391
14.9576,  479.4247
14.9732,  479.6104
14.9889,  479.7960
15.0047,  479.9816
15.0204,  480.1672
15.0361,  480.3528
15.0519,  480.5384
15.0677,  480.7240
15.0835,  480.9096
15.0993,  481.0952
15.1151,  481.2807
15.1310,  481.4663
15.1468,  481.6519
15.1627,  481.8375
15.1786,  482.0230
15.1945,  482.2086
15.2104,  482.3941
15.2264,  482.5797
15.2424,  482.7652
15.2583,  482.9508
15.2743,  483.1363
15.2903,  483.3218
15.3064,  483.5073
15.3224,  483.6929
15.3385,  483.8784
15.3545,  484.0639
15.3706,  484.2494
15.3867,  484.4349
15.4029,  484.6204
15.4190,  484.8059
15.4351,  484.9914
15.4513,  485.1769
15.4675,  485.3623
15.4837,  485.5478
15.4999,  485.7333
15.5162,  485.9187
15.5324,  486.1042
15.5487,  486.2896
15.5650,  486.4751
15.5813,  486.6605
15.5976,  486.8460
15.6140,  487.0314
15.6303,  487.2168
15.6467,  487.4023
15.6631,  487.5877
15.6795,  487.7731
15.6959,  487.9585
15.7124,  488.1439
15.7288,  488.3293
15.7453,  488.5147
15.7618,  488.7001
15.7783,  488.8855
15.7948,  489.0709
15.8113,  489.2562
15.8279,  489.4416
15.8445,  489.6270
15.8611,  489.8123
15.8777,  489.9977
15.8943,  490.1830
15.9109,  490.3684
15.9276,  490.5537
15.9443,  490.7391
15.9610,  490.9244
15.9777,  491.1097
15.9944,  491.2950
16.0112,  491.4803
16.0279,  491.6657
16.0447,  491.8510
16.0615,  492.0363
16.0783,  492.2215
16.0951,  492.4068
16.1120,  492.5921
16.1288,  492.7774
16.1457,  492.9627
16.1626,  493.1479
16.1795,  493.3332
16.1965,  493.5185
16.2134,  493.7037
16.2304,  493.8890
16.2474,  494.0742
16.2644,  494.2594
16.2814,  494.4447
16.2984,  494.6299
16.3155,  494.8151
16.3326,  495.0003
16.3497,  495.1855
16.3668,  495.3708
16.3839,  495.5559
16.4010,  495.7411
16.4182,  495.9263
16.4354,  496.1115
16.4525,  496.2967
16.4698,  496.4819
16.4870,  496.6670
16.5042,  496.8522
16.5215,  497.0374
16.5388,  497.2225
16.5561,  497.4076
16.5734,  497.5928
16.5907,  497.7779
16.6081,  497.9631
16.6254,  498.1482
16.6428,  498.3333
16.6602,  498.5184
16.6777,  498.7035
16.6951,  498.8886
16.7126,  499.0737
16.7300,  499.2588
16.7475,  499.4439
16.7650,  499.6290
16.7826,  499.8140
16.8001,  499.9991
16.8177,  500.1842
16.8353,  500.3692
16.8529,  500.5543
16.8705,  500.7393
16.8881,  500.9244
16.9058,  501.1094
16.9234,  501.2944
16.9411,  501.4794
16.9588,  501.6645
16.9766,  501.8495
16.9943,  502.0345
17.0121,  502.2195
17.0298,  502.4045
17.0476,  502.5895
17.0654,  502.7744
17.0833,  502.9594
17.1011,  503.1444
17.1190,  503.3294
17.1369,  503.5143
17.1548,  503.6993
17.1727,  503.8842
17.1907,  504.0692
17.2086,  504.2541
17.2266,  504.4390
17.2446,  504.6239
17.2626,  504.8089
17.2806,  504.9938
17.2987,  505.1787
17.3168,  505.3636
17.3348,  505.5485
17.3530,  505.7334
17.3711,  505.9182
17.3892,  506.1031
17.4074,  506.2880
17.4256,  506.4729
17.4438,  506.6577
17.4620,  506.8426
17.4802,  507.0274
17.4985,  507.2123
17.5167,  507.3971
17.5350,  507.5819
17.5533,  507.7667
17.5717,  507.9516
17.5900,  508.1364
17.6084,  508.3212
17.6268,  508.5060
17.6452,  508.6908
17.6636,  508.8755
17.6820,  509.0603
17.7005,  509.2451
17.7189,  509.4299
17.7374,  509.6146
17.7559,  509.7994
17.7745,  509.9841
17.7930,  510.1689
17.8116,  510.3536
17.8302,  510.5383
17.8488,  510.7230
17.8674,  510.9077
17.8861,  511.0925
17.9047,  511.2772
17.9234,  511.4619
17.9421,  511.6465
17.9608,  511.8312
17.9796,  512.0159
17.9983,  512.2006
18.0171,  512.3852
18.0359,  512.5699
18.0547,  512.7545
18.0735,  512.9392
18.0924,  513.1238
18.1113,  513.3085
18.1302,  513.4931
18.1491,  513.6777
18.1680,  513.8623
18.1869,  514.0469
18.2059,  514.2315
18.2249,  514.4161
18.2439,  514.6007
18.2629,  514.7853
18.2820,  514.9698
18.3010,  515.1544
18.3201,  515.3390
18.3392,  515.5235
18.3583,  515.7081
18.3775,  515.8926
18.3966,  516.0771
18.4158,  516.2617
18.4350,  516.4462
18.4542,  516.6307
18.4734,  516.8152
18.4927,  516.9997
18.5120,  517.1842
18.5313,  517.3687
18.5506,  517.5532
18.5699,  517.7376
18.5893,  517.9221
18.6086,  518.1065
18.6280,  518.2910
18.6474,  518.4754
18.6669,  518.6599
18.6863,  518.8443
18.7058,  519.0287
18.7253,  519.2131
18.7448,  519.3975
18.7643,  519.5819
18.7839,  519.7663
18.8034,  519.9507
18.8230,  520.1351
18.8426,  520.3195
18.8622,  520.5039
18.8819,  520.6882
18.9015,  520.8726
18.9212,  521.0569
18.9409,  521.2412
18.9607,  521.4256
18.9804,  521.6099
19.0002,  521.7942
19.0199,  521.9785
19.0397,  522.1628
19.0596,  522.3471
19.0794,  522.5314
19.0993,  522.7157
19.1192,  522.9000
19.1391,  523.0842
19.1590,  523.2685
19.1789,  523.4527
19.1989,  523.6370
19.2189,  523.8212
19.2389,  524.0054
19.2589,  524.1897
19.2789,  524.3739
19.2990,  524.5581
19.3191,  524.7423
19.3392,  524.9265
19.3593,  525.1107
19.3795,  525.2948
19.3996,  525.4790
19.4198,  525.6632
19.4400,  525.8473
19.4602,  526.0315
19.4805,  526.2156
19.5007,  526.3997
19.5210,  526.5839
19.5413,  526.7680
19.5616,  526.9521
19.5820,  527.1362
19.6024,  527.3203
19.6227,  527.5044
19.6431,  527.6884
19.6636,  527.8725
19.6840,  528.0566
19.7045,  528.2406
19.7250,  528.4247
19.7455,  528.6087
19.7660,  528.7928
19.7866,  528.9768
19.8071,  529.1608
19.8277,  529.3448
19.8483,  529.5288
19.8690,  529.7128
19.8896,  529.8968
19.9103,  530.0808
19.9310,  530.2647
19.9517,  530.4487
19.9724,  530.6326
19.9932,  530.8166
20.0140,  531.0005
20.0347,  531.1845
20.0556,  531.3684
20.0764,  531.5523
20.0973,  531.7362
20.1181,  531.9201
20.1390,  532.1040
20.1600,  532.2879
20.1809,  532.4717
20.2019,  532.6556
20.2228,  532.8395
20.2438,  533.0233
20.2649,  533.2071
20.2859,  533.3910
20.3070,  533.5748
20.3281,  533.7586
20.3492,  533.9424
20.3703,  534.1262
20.3915,  534.3100
20.4126,  534.4938
20.4338,  534.6776
20.4550,  534.8613
20.4763,  535.0451
20.4975,  535.2288
20.5188,  535.4126
20.5401,  535.5963
20.5614,  535.7800
20.5828,  535.9638
20.6041,  536.1475
20.6255,  536.3312
20.6469,  536.5149
20.6683,  536.6985
20.6898,  536.8822
20.7112,  537.0659
20.7327,  537.2495
20.7542,  537.4332
20.7758,  537.6168
20.7973,  537.8005
20.8189,  537.9841
20.8405,  538.1677
20.8621,  538.3513
20.8837,  538.5349
20.9054,  538.7185
20.9271,  538.9021
20.9488,  539.0856
20.9705,  539.2692
20.9923,  539.4527
21.0140,  539.6363
21.0358,  539.8198
21.0576,  540.0033
21.0795,  540.1869
21.1013,  540.3704
21.1232,  540.5539
21.1451,  540.7374
21.1670,  540.9208
21.1889,  541.1043
21.2109,  541.2878
21.2329,  541.4712
21.2549,  541.6547
21.2769,  541.8381
21.2990,  542.0215
21.3210,  542.2050
21.3431,  542.3884
21.3652,  542.5718
21.3874,  542.7552
21.4095,  542.9385
21.4317,  543.1219
21.4539,  543.3053
21.4761,  543.4886
21.4984,  543.6720
21.5206,  543.8553
21.5429,  544.0386
21.5652,  544.2220
21.5876,  544.4053
21.6099,  544.5886
21.6323,  544.7719
21.6547,  544.9551
21.6771,  545.1384
21.6996,  545.3217
21.7220,  545.5049
21.7445,  545.6882
21.7670,  545.8714
21.7896,  546.0546
21.8121,  546.2378
21.8347,  546.4211
21.8573,  546.6042
21.8799,  546.7874
21.9025,  546.9706
21.9252,  547.1538
21.9479,  547.3369
21.9706,  547.5201
21.9933,  547.7032
22.0161,  547.8864
22.0389,  548.0695
22.0617,  548.2526
22.0845,  548.4357
22.1073,  548.6188
22.1302,  548.8019
22.1531,  548.9849
22.1760,  549.1680
22.1989,  549.3510
22.2219,  549.5341
22.2448,  549.7171
22.2678,  549.9001
22.2909,  550.0831
22.3139,  550.2661
22.3370,  550.4491
22.3601,  550.6321
22.3832,  550.8151
22.4063,  550.9981
22.4295,  551.1810
22.4527,  551.3639
22.4759,  551.5469
22.4991,  551.7298
22.5223,  551.9127
22.5456,  552.0956
22.5689,  552.2785
22.5922,  552.4614
22.6156,  552.6443
22.6389,  552.8271
22.6623,  553.0100
22.6857,  553.1928
22.7092,  553.3756
22.7326,  553.5585
22.7561,  553.7413
22.7796,  553.9241
22.8031,  554.1069
22.8267,  554.2896
22.8502,  554.4724
22.8738,  554.6552
22.8974,  554.8379
22.9211,  555.0206
22.9447,  555.2034
22.9684,  555.3861
22.9921,  555.5688
23.0158,  555.7515
23.0396,  555.9342
23.0634,  556.1168
23.0872,  556.2995
23.1110,  556.4822
23.1348,  556.6648
23.1587,  556.8474
23.1826,  557.0301
23.2065,  557.2127
23.2305,  557.3953
23.2544,  557.5779
23.2784,  557.7604
23.3024,  557.9430
23.3265,  558.1256
23.3505,  558.3081
23.3746,  558.4906
23.3987,  558.6732
23.4228,  558.8557
23.4470,  559.0382
23.4711,  559.2207
23.4953,  559.4031
23.5196,  559.5856
23.5438,  559.7681
23.5681,  559.9505
23.5924,  560.1330
23.6167,  560.3154
23.6410,  560.4978
23.6654,  560.6802
23.6897,  560.8626
23.7142,  561.0450
23.7386,  561.2273
23.7630,  561.4097
23.7875,  561.5920
23.8120,  561.7744
23.8366,  561.9567
23.8611,  562.1390
23.8857,  562.3213
23.9103,  562.5036
23.9349,  562.6859
23.9595,  562.8681
23.9842,  563.0504
24.0089,  563.2326
24.0336,  563.4149
24.0584,  563.5971
24.0831,  563.7793
24.1079,  563.9615
24.1327,  564.1437
24.1576,  564.3259
24.1824,  564.5080
24.2073,  564.6902
24.2322,  564.8723
24.2572,  565.0544
24.2821,  565.2366
24.3071,  565.4187
24.3321,  565.6008
24.3571,  565.7828
24.3822,  565.9649
24.4073,  566.1470
24.4324,  566.3290
24.4575,  566.5110
24.4826,  566.6931
24.5078,  566.8751
24.5330,  567.0571
24.5582,  567.2391
24.5835,  567.4210
24.6087,  567.6030
24.6340,  567.7849
24.6594,  567.9669
24.6847,  568.1488
24.7101,  568.3307
24.7355,  568.5126
24.7609,  568.6945
24.7863,  568.8764
24.8118,  569.0582
24.8373,  569.2401
24.8628,  569.4219
24.8883,  569.6038
24.9139,  569.7856
24.9395,  569.9674
24.9651,  570.1492
24.9907,  570.3309
25.0164,  570.5127
25.0421,  570.6945
25.0678,  570.8762
25.0935,  571.0579
25.1193,  571.2396
25.1451,  571.4214
25.1709,  571.6030
25.1967,  571.7847
25.2226,  571.9664
25.2485,  572.1480
25.2744,  572.3297
25.3003,  572.5113
25.3263,  572.6929
25.3522,  572.8745
25.3783,  573.0561
25.4043,  573.2377
25.4303,  573.4192
25.4564,  573.6008
25.4825,  573.7823
25.5087,  573.9639
25.5348,  574.1454
25.5610,  574.3269
25.5872,  574.5083
25.6134,  574.6898
25.6397,  574.8713
25.6660,  575.0527
25.6923,  575.2342
25.7186,  575.4156
25.7450,  575.5970
25.7714,  575.7784
25.7978,  575.9598
25.8242,  576.1411
25.8507,  576.3225
25.8771,  576.5038
25.9036,  576.6851
25.9302,  576.8665
25.9567,  577.0478
25.9833,  577.2290
26.0099,  577.4103
26.0366,  577.5916
26.0632,  577.7728
26.0899,  577.9541
26.1166,  578.1353
26.1434,  578.3165
26.1701,  578.4977
26.1969,  578.6788
26.2237,  578.8600
26.2506,  579.0412
26.2774,  579.2223
26.3043,  579.4034
26.3312,  579.5845
26.3582,  579.7656
26.3851,  579.9467
26.4121,  580.1278
26.4391,  580.3088
26.4662,  580.4899
26.4932,  580.6709
26.5203,  580.8519
26.5474,  581.0329
26.5746,  581.2139
26.6018,  581.3949
26.6289,  581.5758
26.6562,  581.7568
26.6834,  581.9377
26.7107,  582.1186
26.7380,  582.2995
26.7653,  582.4804
26.7927,  582.6612
26.8200,  582.8421
26.8474,  583.0229
26.8749,  583.2038
26.9023,  583.3846
26.9298,  583.5654
26.9573,  583.7462
26.9848,  583.9269
27.0124,  584.1077
27.0400,  584.2884
27.0676,  584.4692
27.0952,  584.6499
27.1229,  584.8306
27.1505,  585.0113
27.1783,  585.1919
27.2060,  585.3726
27.2338,  585.5532
27.2615,  585.7338
27.2894,  585.9144
27.3172,  586.0950
27.3451,  586.2756
27.3730,  586.4562
27.4009,  586.6367
27.4288,  586.8173
27.4568,  586.9978
27.4848,  587.1783
27.5128,  587.3588
27.5409,  587.5392
27.5690,  587.7197
27.5971,  587.9001
27.6252,  588.0806
27.6534,  588.2610
27.6815,  588.4414
27.7097,  588.6218
27.7380,  588.8021
27.7662,  588.9825
27.7945,  589.1628
27.8228,  589.3431
27.8512,  589.5235
27.8796,  589.7037
27.9079,  589.8840
27.9364,  590.0643
27.9648,  590.2445
27.9933,  590.4247
28.0218,  590.6050
28.0503,  590.7852
28.0789,  590.9653
28.1074,  591.1455
28.1360,  591.3257
28.1647,  591.5058
28.1933,  591.6859
28.2220,  591.8660
28.2507,  592.0461
28.2795,  592.2262
28.3082,  592.4062
28.3370,  592.5863
28.3659,  592.7663
28.3947,  592.9463
28.4236,  593.1263
28.4525,  593.3063
28.4814,  593.4862
28.5104,  593.6662
28.5393,  593.8461
28.5683,  594.0260
28.5974,  594.2059
28.6264,  594.3858
28.6555,  594.5656
28.6846,  594.7455
28.7138,  594.9253
28.7429,  595.1051
28.7721,  595.2849
28.8014,  595.4647
28.8306,  595.6444
28.8599,  595.8242
28.8892,  596.0039
28.9185,  596.1836
28.9479,  596.3633
28.9773,  596.5430
29.0067,  596.7227
29.0361,  596.9023
29.0656,  597.0819
29.0951,  597.2615
29.1246,  597.4411
29.1541,  597.6207
29.1837,  597.8003
29.2133,  597.9798
29.2429,  598.1594
29.2726,  598.3389
29.3023,  598.5184
29.3320,  598.6978
29.3617,  598.8773
29.3915,  599.0567
29.4213,  599.2362
29.4511,  599.4156
29.4810,  599.5950
29.5108,  599.7743
29.5407,  599.9537
29.5707,  600.1330
29.6006,  600.3123
29.6306,  600.4916
29.6606,  600.6709
29.6907,  600.8502
29.7207,  601.0294
29.7508,  601.2087
29.7809,  601.3879
29.8111,  601.5671
29.8413,  601.7463
29.8715,  601.9254
29.9017,  602.1046
29.9320,  602.2837
29.9623,  602.4628
29.9926,  602.6419
30.0229,  602.8210
30.0533,  603.0000
30.0837,  603.1791
30.1141,  603.3581
30.1446,  603.5371
30.1750,  603.7161
30.2055,  603.8950
30.2361,  604.0740
30.2666,  604.2529
30.2972,  604.4318
30.3279,  604.6107
30.3585,  604.7896
30.3892,  604.9684
30.4199,  605.1473
30.4506,  605.3261
30.4814,  605.5049
30.5122,  605.6837
30.5430,  605.8624
30.5738,  606.0412
30.6047,  606.2199
30.6356,  606.3986
30.6665,  606.5773
30.6975,  606.7560
30.7284,  606.9346
30.7595,  607.1132
30.7905,  607.2918
30.8216,  607.4704
30.8527,  607.6490
30.8838,  607.8276
30.9149,  608.0061
30.9461,  608.1846
30.9773,  608.3631
31.0085,  608.5416
31.0398,  608.7201
31.0711,  608.8985
31.1024,  609.0769
31.1338,  609.2553
31.1651,  609.4337
31.1965,  609.6121
31.2280,  609.7904
31.2594,  609.9687
31.2909,  610.1471
31.3224,  610.3253
31.3540,  610.5036
31.3856,  610.6819
31.4172,  610.8601
31.4488,  611.0383
31.4805,  611.2165
31.5121,  611.3946
31.5439,  611.5728
31.5756,  611.7509
31.6074,  611.9290
31.6392,  612.1071
31.6710,  612.2852
31.7029,  612.4632
31.7347,  612.6413
31.7667,  612.8193
31.7986,  612.9973
31.8306,  613.1752
31.8626,  613.3532
31.8946,  613.5311
31.9267,  613.7090
31.9587,  613.8869
31.9909,  614.0648
32.0230,  614.2426
32.0552,  614.4204
32.0874,  614.5982
32.1196,  614.7760
32.1519,  614.9538
32.1841,  615.1315
32.2165,  615.3093
32.2488,  615.4870
32.2812,  615.6646
32.3136,  615.8423
32.3460,  616.0199
32.3785,  616.1976
32.4109,  616.3752
32.4435,  616.5527
32.4760,  616.7303
32.5086,  616.9078
32.5412,  617.0853
32.5738,  617.2628
32.6065,  617.4403
32.6392,  617.6178
32.6719,  617.7952
32.7046,  617.9726
32.7374,  618.1500
32.7702,  618.3274
32.8030,  618.5047
32.8359,  618.6820
32.8688,  618.8593
32.9017,  619.0366
32.9347,  619.2139
32.9676,  619.3911
33.0006,  619.5683
33.0337,  619.7455
33.0667,  619.9227
33.0998,  620.0998
33.1330,  620.2770
33.1661,  620.4541
33.1993,  620.6311
33.2325,  620.8082
33.2657,  620.9853
33.2990,  621.1623
33.3323,  621.3393
33.3656,  621.5162
33.3990,  621.6932
33.4324,  621.8701
33.4658,  622.0470
33.4992,  622.2239
33.5327,  622.4008
33.5662,  622.5776
33.5997,  622.7544
33.6333,  622.9312
33.6669,  623.1080
33.7005,  623.2848
33.7341,  623.4615
33.7678,  623.6382
33.8015,  623.8149
33.8353,  623.9915
33.8690,  624.1682
33.9028,  624.3448
33.9366,  624.5214
33.9705,  624.6979
34.0044,  624.8745
34.0383,  625.0510
34.0722,  625.2275
34.1062,  625.4040
34.1402,  625.5804
34.1742,  625.7569
34.2083,  625.9333
34.2424,  626.1096
34.2765,  626.2860
34.3106,  626.4623
34.3448,  626.6387
34.3790,  626.8149
34.4133,  626.9912
34.4475,  627.1674
34.4818,  627.3437
34.5161,  627.5199
34.5505,  627.6960
34.5849,  627.8722
34.6193,  628.0483
34.6537,  628.2244
34.6882,  628.4005
34.7227,  628.5765
34.7572,  628.7526
34.7918,  628.9286
34.8264,  629.1045
34.8610,  629.2805
34.8957,  629.4564
34.9303,  629.6323
34.9650,  629.8082
34.9998,  629.9841
35.0345,  630.1599
35.0693,  630.3357
35.1042,  630.5115
35.1390,  630.6873
35.1739,  630.8630
35.2088,  631.0387
35.2438,  631.2144
35.2788,  631.3900
35.3138,  631.5657
35.3488,  631.7413
35.3839,  631.9169
35.4190,  632.0924
35.4541,  632.2680
35.4892,  632.4435
35.5244,  632.6190
35.5596,  632.7944
35.5949,  632.9699
35.6302,  633.1453
35.6655,  633.3207
35.7008,  633.4960
35.7362,  633.6714
35.7716,  633.8467
35.8070,  634.0220
35.8424,  634.1972
35.8779,  634.3724
35.9134,  634.5476
35.9490,  634.7228
35.9845,  634.8980
36.0201,  635.0731
36.0558,  635.2482
36.0914,  635.4233
36.1271,  635.5983
36.1629,  635.7734
36.1986,  635.9484
36.2344,  636.1233
36.2702,  636.2983
36.3061,  636.4732
36.3419,  636.6481
36.3778,  636.8230
36.4138,  636.9978
36.4497,  637.1726
36.4857,  637.3474
36.5217,  637.5222
36.5578,  637.6969
36.5939,  637.8716
36.6300,  638.0463
36.6661,  638.2210
36.7023,  638.3956
36.7385,  638.5702
36.7748,  638.7448
36.8110,  638.9193
36.8473,  639.0939
36.8836,  639.2683
36.9200,  639.4428
36.9564,  639.6173
36.9928,  639.7917
37.0292,  639.9661
37.0657,  640.1404
37.1022,  640.3147
37.1388,  640.4890
37.1753,  640.6633
37.2119,  640.8376
37.2486,  641.0118
37.2852,  641.1860
37.3219,  641.3602
37.3586,  641.5343
37.3954,  641.7084
37.4321,  641.8825
37.4690,  642.0565
37.5058,  642.2306
37.5427,  642.4046
37.5796,  642.5785
37.6165,  642.7525
37.6534,  642.9264
37.6904,  643.1003
37.7275,  643.2741
37.7645,  643.4480
37.8016,  643.6218
37.8387,  643.7955
37.8758,  643.9693
37.9130,  644.1430
37.9502,  644.3167
37.9875,  644.4903
38.0247,  644.6640
38.0620,  644.8376
38.0993,  645.0111
38.1367,  645.1847
38.1741,  645.3582
38.2115,  645.5317
38.2489,  645.7051
38.2864,  645.8786
38.3239,  646.0520
38.3615,  646.2253
38.3990,  646.3987
38.4366,  646.5720
38.4742,  646.7453
38.5119,  646.9185
38.5496,  647.0917
38.5873,  647.2649
38.6251,  647.4381
38.6628,  647.6112
38.7007,  647.7843
38.7385,  647.9574
38.7764,  648.1304
38.8143,  648.3034
38.8522,  648.4764
38.8902,  648.6494
38.9282,  648.8223
38.9662,  648.9952
39.0042,  649.1680
39.0423,  649.3409
39.0804,  649.5137
39.1186,  649.6864
39.1568,  649.8592
39.1950,  650.0319
39.2332,  650.2046
39.2715,  650.3772
39.3098,  650.5498
39.3481,  650.7224
39.3865,  650.8950
39.4249,  651.0675
39.4633,  651.2400
39.5017,  651.4125
39.5402,  651.5849
39.5787,  651.7573
39.6173,  651.9297
39.6558,  652.1020
39.6944,  652.2743
39.7331,  652.4466
39.7717,  652.6188
39.8104,  652.7910
39.8492,  652.9632
39.8879,  653.1354
39.9267,  653.3075
39.9655,  653.4796
40.0044,  653.6516
40.0433,  653.8236
40.0822,  653.9956
40.1211,  654.1676
40.1601,  654.3395
40.1991,  654.5114
40.2381,  654.6833
40.2772,  654.8551
40.3163,  655.0269
40.3554,  655.1986
40.3945,  655.3704
40.4337,  655.5421
40.4729,  655.7137
40.5122,  655.8854
40.5515,  656.0570
40.5908,  656.2285
40.6301,  656.4001
40.6695,  656.5716
40.7089,  656.7431
40.7483,  656.9145
40.7878,  657.0859
40.8272,  657.2573
40.8668,  657.4286
40.9063,  657.5999
40.9459,  657.7712
40.9855,  657.9424
41.0252,  658.1136
41.0648,  658.2848
41.1045,  658.4559
41.1443,  658.6270
41.1840,  658.7981
41.2238,  658.9691
41.2637,  659.1401
41.3035,  659.3111
41.3434,  659.4820
41.3833,  659.6529
41.4233,  659.8238
41.4633,  659.9946
41.5033,  660.1654
41.5433,  660.3362
41.5834,  660.5069
41.6235,  660.6776
41.6636,  660.8483
41.7038,  661.0189
41.7440,  661.1895
41.7842,  661.3600
41.8244,  661.5306
41.8647,  661.7010
41.9050,  661.8715
41.9454,  662.0419
41.9858,  662.2123
42.0262,  662.3826
42.0666,  662.5529
42.1071,  662.7232
42.1476,  662.8935
42.1881,  663.0637
42.2287,  663.2338
42.2693,  663.4040
42.3099,  663.5741
42.3505,  663.7441
42.3912,  663.9142
42.4319,  664.0841
42.4727,  664.2541
42.5135,  664.4240
42.5543,  664.5939
42.5951,  664.7637
42.6360,  664.9336
42.6769,  665.1033
42.7178,  665.2731
42.7587,  665.4428
42.7997,  665.6124
42.8407,  665.7821
42.8818,  665.9517
42.9229,  666.1212
42.9640,  666.2907
43.0051,  666.4602
43.0463,  666.6297
43.0875,  666.7991
43.1287,  666.9684
43.1700,  667.1378
43.2113,  667.3071
43.2526,  667.4763
43.2939,  667.6455
43.3353,  667.8147
43.3767,  667.9839
43.4182,  668.1530
43.4597,  668.3221
43.5012,  668.4911
43.5427,  668.6601
43.5843,  668.8291
43.6259,  668.9980
43.6675,  669.1669
43.7091,  669.3357
43.7508,  669.5045
43.7925,  669.6733
43.8343,  669.8420
43.8761,  670.0107
43.9179,  670.1794
43.9597,  670.3480
44.0016,  670.5166
44.0435,  670.6851
44.0854,  670.8536
44.1274,  671.0221
44.1694,  671.1905
44.2114,  671.3589
44.2534,  671.5272
44.2955,  671.6955
44.3376,  671.8638
44.3798,  672.0320
44.4219,  672.2002
44.4641,  672.3683
44.5064,  672.5365
44.5486,  672.7045
44.5909,  672.8726
44.6332,  673.0405
44.6756,  673.2085
44.7180,  673.3764
44.7604,  673.5443
44.8028,  673.7121
44.8453,  673.8799
44.8878,  674.0477
44.9303,  674.2154
44.9729,  674.3830
45.0155,  674.5507
45.0581,  674.7183
45.1008,  674.8858
45.1435,  675.0533
45.1862,  675.2208
45.2289,  675.3882
45.2717,  675.5556
45.3145,  675.7230
45.3573,  675.8903
45.4002,  676.0575
45.4431,  676.2247
45.4860,  676.3919
45.5290,  676.5591
45.5719,  676.7262
45.6150,  676.8932
45.6580,  677.0602
45.7011,  677.2272
45.7442,  677.3942
45.7873,  677.5610
45.8305,  677.7279
45.8737,  677.8947
45.9169,  678.0615
45.9601,  678.2282
46.0034,  678.3949
46.0467,  678.5615
46.0901,  678.7281
46.1335,  678.8947
46.1769,  679.0612
46.2203,  679.2277
46.2637,  679.3941
46.3072,  679.5605
46.3508,  679.7268
46.3943,  679.8931
46.4379,  680.0594
46.4815,  680.2256
46.5251,  680.3918
46.5688,  680.5579
46.6125,  680.7240
46.6562,  680.8900
46.7000,  681.0560
46.7438,  681.2220
46.7876,  681.3879
46.8314,  681.5537
46.8753,  681.7196
46.9192,  681.8854
46.9632,  682.0511
47.0071,  682.2168
47.0511,  682.3824
47.0951,  682.5480
47.1392,  682.7136
47.1833,  682.8791
47.2274,  683.0446
47.2715,  683.2100
47.3157,  683.3754
47.3599,  683.5407
47.4041,  683.7060
47.4484,  683.8713
47.4927,  684.0365
47.5370,  684.2016
47.5813,  684.3667
47.6257,  684.5318
47.6701,  684.6968
47.7146,  684.8618
47.7590,  685.0267
47.8035,  685.1916
47.8480,  685.3565
47.8926,  685.5213
47.9372,  685.6860
47.9818,  685.8507
48.0264,  686.0154
48.0711,  686.1800
48.1158,  686.3446
48.1605,  686.5091
48.2052,  686.6736
48.2500,  686.8380
48.2948,  687.0024
48.3397,  687.1667
48.3846,  687.3310
48.4295,  687.4952
48.4744,  687.6594
48.5193,  687.8236
48.5643,  687.9877
48.6093,  688.1517
48.6544,  688.3157
48.6995,  688.4797
48.7446,  688.6436
48.7897,  688.8075
48.8348,  688.9713
48.8800,  689.1351
48.9252,  689.2988
48.9705,  689.4625
49.0158,  689.6261
49.0611,  689.7897
49.1064,  689.9532
49.1518,  690.1167
49.1971,  690.2801
49.2426,  690.4435
49.2880,  690.6069
49.3335,  690.7701
49.3790,  690.9334
49.4245,  691.0966
49.4701,  691.2597
49.5156,  691.4228
49.5613,  691.5859
49.6069,  691.7489
49.6526,  691.9118
49.6983,  692.0747
49.7440,  692.2376
49.7898,  692.4004
49.8355,  692.5631
49.8814,  692.7258
49.9272,  692.8885
49.9731,  693.0511
50.0190,  693.2136
50.0649,  693.3761
50.1108,  693.5386
50.1568,  693.7010
50.2028,  693.8633
50.2489,  694.0256
50.2949,  694.1879
50.3410,  694.3501
50.3871,  694.5123
50.4333,  694.6744
50.4795,  694.8364
50.5257,  694.9984
50.5719,  695.1604
50.6182,  695.3223
50.6645,  695.4841
50.7108,  695.6459
50.7571,  695.8076
50.8035,  695.9693
50.8499,  696.1310
50.8963,  696.2926
50.9428,  696.4541
50.9892,  696.6156
51.0358,  696.7770
51.0823,  696.9384
51.1289,  697.0997
51.1754,  697.2610
51.2221,  697.4223
51.2687,  697.5834
51.3154,  697.7445
51.3621,  697.9056
51.4088,  698.0666
51.4556,  698.2276
51.5023,  698.3885
51.5492,  698.5494
51.5960,  698.7102
51.6429,  698.8709
51.6897,  699.0316
51.7367,  699.1923
51.7836,  699.3529
51.8306,  699.5134
51.8776,  699.6739
51.9246,  699.8343
51.9716,  699.9947
52.0187,  700.1550
52.0658,  700.3153
52.1130,  700.4755
52.1601,  700.6357
52.2073,  700.7958
52.2545,  700.9559
52.3018,  701.1159
52.3490,  701.2758
52.3963,  701.4357
52.4436,  701.5955
52.4910,  701.7553
52.5384,  701.9150
52.5858,  702.0747
52.6332,  702.2343
52.6806,  702.3939
52.7281,  702.5534
52.7756,  702.7128
52.8231,  702.8722
52.8707,  703.0316
52.9183,  703.1909
52.9659,  703.3501
53.0135,  703.5093
53.0612,  703.6684
53.1089,  703.8274
53.1566,  703.9864
53.2043,  704.1454
53.2521,  704.3043
53.2999,  704.4631
53.3477,  704.6219
53.3955,  704.7806
53.4434,  704.9393
53.4913,  705.0979
53.5392,  705.2564
53.5872,  705.4149
53.6351,  705.5734
53.6831,  705.7318
53.7312,  705.8901
53.7792,  706.0483
53.8273,  706.2065
53.8754,  706.3647
53.9235,  706.5228
53.9717,  706.6808
54.0198,  706.8388
54.0680,  706.9967
54.1163,  707.1546
54.1645,  707.3124
54.2128,  707.4701
54.2611,  707.6278
54.3094,  707.7854
54.3578,  707.9430
54.4061,  708.1005
54.4545,  708.2579
54.5030,  708.4153
54.5514,  708.5727
54.5999,  708.7299
54.6484,  708.8871
54.6969,  709.0443
54.7455,  709.2014
54.7940,  709.3584
54.8426,  709.5154
54.8913,  709.6723
54.9399,  709.8292
54.9886,  709.9860
55.0373,  710.1427
55.0860,  710.2994
55.1347,  710.4560
55.1835,  710.6125
55.2323,  710.7690
55.2811,  710.9254
55.3300,  711.0818
55.3788,  711.2381
55.4277,  711.3944
55.4766,  711.5505
55.5256,  711.7067
55.5745,  711.8627
55.6235,  712.0187
55.6725,  712.1747
55.7216,  712.3305
55.7706,  712.4864
55.8197,  712.6421
55.8688,  712.7978
55.9179,  712.9534
55.9671,  713.1090
56.0163,  713.2645
56.0655,  713.4199
56.1147,  713.5753
56.1639,  713.7306
56.2132,  713.8859
56.2625,  714.0411
56.3118,  714.1962
56.3611,  714.3513
56.4105,  714.5063
56.4599,  714.6612
56.5093,  714.8161
56.5587,  714.9709
56.6082,  715.1257
56.6577,  715.2803
56.7072,  715.4350
56.7567,  715.5895
56.8062,  715.7440
56.8558,  715.8984
56.9054,  716.0528
56.9550,  716.2071
57.0046,  716.3613
57.0543,  716.5155
57.1040,  716.6696
57.1537,  716.8236
57.2034,  716.9776
57.2531,  717.1315
57.3029,  717.2854
57.3527,  717.4391
57.4025,  717.5928
57.4523,  717.7465
57.5022,  717.9001
57.5521,  718.0536
57.6020,  718.2070
57.6519,  718.3604
57.7018,  718.5137
57.7518,  718.6670
57.8018,  718.8202
57.8518,  718.9733
57.9018,  719.1263
57.9519,  719.2793
58.0020,  719.4322
58.0520,  719.5851
58.1022,  719.7379
58.1523,  719.8906
58.2025,  720.0432
58.2526,  720.1958
58.3028,  720.3483
58.3531,  720.5008
58.4033,  720.6531
58.4536,  720.8055
58.5038,  720.9577
58.5541,  721.1099
58.6045,  721.2620
58.6548,  721.4140
58.7052,  721.5660
58.7556,  721.7179
58.8060,  721.8697
58.8564,  722.0215
58.9069,  722.1732
58.9573,  722.3248
59.0078,  722.4763
59.0583,  722.6278
59.1088,  722.7792
59.1594,  722.9306
59.2100,  723.0819
59.2605,  723.2331
59.3112,  723.3842
59.3618,  723.5353
59.4124,  723.6863
59.4631,  723.8372
59.5138,  723.9880
59.5645,  724.1388
59.6152,  724.2895
59.6660,  724.4402
59.7167,  724.5908
59.7675,  724.7413
59.8183,  724.8917
59.8691,  725.0420
59.9200,  725.1923
59.9708,  725.3425
60.0217,  725.4927
60.0726,  725.6428
60.1235,  725.7928
60.1745,  725.9427
60.2254,  726.0925
60.2764,  726.2423
60.3274,  726.3920
60.3784,  726.5417
60.4294,  726.6912
60.4805,  726.8407
60.5315,  726.9902
60.5826,  727.1395
60.6337,  727.2888
60.6848,  727.4380
60.7360,  727.5871
60.7871,  727.7362
60.8383,  727.8851
60.8895,  728.0341
60.9407,  728.1829
60.9919,  728.3316
61.0432,  728.4803
61.0944,  728.6289
61.1457,  728.7775
61.1970,  728.9259
61.2483,  729.0743
61.2996,  729.2226
61.3510,  729.3709
61.4023,  729.5190
61.4537,  729.6671
61.5051,  729.8151
61.5565,  729.9631
61.6080,  730.1109
61.6594,  730.2587
61.7109,  730.4064
61.7624,  730.5541
61.8138,  730.7016
61.8654,  730.8491
61.9169,  730.9965
61.9684,  731.1438
62.0200,  731.2911
62.0716,  731.4383
62.1232,  731.5854
62.1748,  731.7324
62.2264,  731.8793
62.2781,  732.0262
62.3297,  732.1730
62.3814,  732.3197
62.4331,  732.4663
62.4848,  732.6129
62.5365,  732.7594
62.5882,  732.9058
62.6400,  733.0521
62.6917,  733.1984
62.7435,  733.3445
62.7953,  733.4906
62.8471,  733.6366
62.8990,  733.7826
62.9508,  733.9284
63.0026,  734.0742
63.0545,  734.2199
63.1064,  734.3655
63.1583,  734.5110
63.2102,  734.6565
63.2621,  734.8019
63.3141,  734.9472
63.3660,  735.0924
63.4180,  735.2375
63.4700,  735.3826
63.5220,  735.5276
63.5740,  735.6725
63.6260,  735.8173
63.6781,  735.9620
63.7301,  736.1067
63.7822,  736.2513
63.8342,  736.3957
63.8863,  736.5402
63.9384,  736.6845
63.9906,  736.8287
64.0427,  736.9729
64.0948,  737.1170
64.1470,  737.2610
64.1992,  737.4049
64.2513,  737.5488
64.3035,  737.6925
64.3557,  737.8362
64.4080,  737.9798
64.4602,  738.1233
64.5124,  738.2667
64.5647,  738.4101
64.6170,  738.5533
64.6692,  738.6965
64.7215,  738.8396
64.7738,  738.9826
64.8262,  739.1256
64.8785,  739.2684
64.9308,  739.4112
64.9832,  739.5538
65.0355,  739.6964
65.0879,  739.8389
65.1403,  739.9814
65.1927,  740.1237
65.2451,  740.2660
65.2975,  740.4081
65.3499,  740.5502
65.4024,  740.6922
65.4548,  740.8341
65.5073,  740.9760
65.5598,  741.1177
65.6122,  741.2594
65.6647,  741.4009
65.7172,  741.5424
65.7697,  741.6838
65.8223,  741.8251
65.8748,  741.9664
65.9273,  742.1075
65.9799,  742.2486
66.0324,  742.3895
66.0850,  742.5304
66.1376,  742.6712
66.1902,  742.8119
66.2428,  742.9525
66.2954,  743.0931
66.3480,  743.2335
66.4006,  743.3739
66.4532,  743.5141
66.5059,  743.6543
66.5585,  743.7944
66.6112,  743.9344
66.6639,  744.0743
66.7165,  744.2142
66.7692,  744.3539
66.8219,  744.4936
66.8746,  744.6331
66.9273,  744.7726
66.9800,  744.9120
67.0328,  745.0513
67.0855,  745.1905
67.1382,  745.3296
67.1910,  745.4686
67.2437,  745.6076
67.2965,  745.7464
67.3493,  745.8852
67.4020,  746.0238
67.4548,  746.1624
67.5076,  746.3009
67.5604,  746.4393
67.6132,  746.5776
67.6660,  746.7158
67.7188,  746.8539
67.7716,  746.9919
67.8245,  747.1299
67.8773,  747.2677
67.9301,  747.4055
67.9830,  747.5431
68.0358,  747.6807
68.0887,  747.8182
68.1416,  747.9556
68.1944,  748.0929
68.2473,  748.2301
68.3002,  748.3672
68.3531,  748.5042
68.4060,  748.6411
68.4588,  748.7779
68.5117,  748.9147
68.5646,  749.0513
68.6176,  749.1879
68.6705,  749.3243
68.7234,  749.4607
68.7763,  749.5969
68.8292,  749.7331
68.8822,  749.8692
68.9351,  750.0052
68.9880,  750.1411
69.0410,  750.2769
69.0939,  750.4126
69.1469,  750.5482
69.1998,  750.6837
69.2528,  750.8191
69.3057,  750.9544
69.3587,  751.0896
69.4116,  751.2247
69.4646,  751.3598
69.5176,  751.4947
69.5706,  751.6295
69.6235,  751.7643
69.6765,  751.8989
69.7295,  752.0335
69.7825,  752.1679
69.8354,  752.3023
69.8884,  752.4365
69.9414,  752.5707
69.9944,  752.7047
70.0474,  752.8387
70.1004,  752.9726
70.1534,  753.1063
70.2064,  753.2400
70.2594,  753.3736
70.3124,  753.5071
70.3654,  753.6404
70.4184,  753.7737
70.4714,  753.9069
70.5244,  754.0400
70.5774,  754.1730
70.6304,  754.3058
70.6834,  754.4386
70.7364,  754.5713
70.7894,  754.7039
70.8424,  754.8364
70.8954,  754.9687
70.9484,  755.1010
71.0014,  755.2332
71.0544,  755.3653
71.1073,  755.4973
71.1603,  755.6292
71.2133,  755.7609
71.2663,  755.8926
71.3193,  756.0242
71.3723,  756.1557
71.4253,  756.2870
71.4783,  756.4183
71.5313,  756.5495
71.5843,  756.6805
71.6373,  756.8115
71.6902,  756.9424
71.7432,  757.0731
71.7962,  757.2038
71.8492,  757.3344
71.9021,  757.4648
71.9551,  757.5952
72.0081,  757.7254
72.0610,  757.8556
72.1140,  757.9856
72.1669,  758.1155
72.2199,  758.2454
72.2728,  758.3751
72.3258,  758.5047
72.3787,  758.6343
72.4317,  758.7637
72.4846,  758.8930
72.5375,  759.0222
72.5905,  759.1513
72.6434,  759.2803
72.6963,  759.4092
72.7492,  759.5380
72.8021,  759.6667
72.8550,  759.7952
72.9079,  759.9237
72.9608,  760.0521
73.0137,  760.1803
73.0666,  760.3085
73.1194,  760.4365
73.1723,  760.5645
73.2252,  760.6923
73.2780,  760.8200
73.3309,  760.9477
73.3837,  761.0752
73.4366,  761.2026
73.4894,  761.3299
73.5422,  761.4571
73.5950,  761.5842
73.6479,  761.7111
73.7007,  761.8380
73.7535,  761.9648
73.8063,  762.0914
73.8590,  762.2179
73.9118,  762.3444
73.9646,  762.4707
74.0173,  762.5969
74.0701,  762.7230
74.1228,  762.8490
74.1756,  762.9749
74.2283,  763.1007
74.2810,  763.2264
74.3337,  763.3519
74.3864,  763.4774
74.4391,  763.6027
74.4918,  763.7279
74.5445,  763.8531
74.5972,  763.9781
74.6498,  764.1030
74.7025,  764.2277
74.7551,  764.3524
74.8077,  764.4770
74.8603,  764.6014
74.9129,  764.7258
74.9655,  764.8500
75.0181,  764.9741
75.0707,  765.0981
75.1233,  765.2220
75.1758,  765.3458
75.2284,  765.4695
75.2809,  765.5930
75.3334,  765.7164
75.3859,  765.8398
75.4384,  765.9630
75.4909,  766.0861
75.5434,  766.2091
75.5958,  766.3320
75.6483,  766.4547
75.7007,  766.5774
75.7532,  766.6999
75.8056,  766.8223
75.8580,  766.9446
75.9104,  767.0668
75.9627,  767.1889
76.0151,  767.3108
76.0674,  767.4327
76.1198,  767.5544
76.1721,  767.6760
76.2244,  767.7975
76.2767,  767.9189
76.3290,  768.0402
76.3812,  768.1613
76.4335,  768.2824
76.4857,  768.4033
76.5379,  768.5241
76.5901,  768.6448
76.6423,  768.7653
76.6945,  768.8858
76.7467,  769.0061
76.7988,  769.1263
76.8510,  769.2464
76.9031,  769.3664
76.9552,  769.4863
77.0072,  769.6060
77.0593,  769.7256
77.1114,  769.8452
77.1634,  769.9645
77.2154,  770.0838
77.2674,  770.2030
77.3194,  770.3220
77.3714,  770.4409
77.4233,  770.5597
77.4753,  770.6784
77.5272,  770.7970
77.5791,  770.9154
77.6309,  771.0337
77.6828,  771.1519
77.7347,  771.2700
77.7865,  771.3879
77.8383,  771.5058
77.8901,  771.6235
77.9418,  771.7411
77.9936,  771.8586
78.0453,  771.9759
78.0970,  772.0931
78.1487,  772.2103
78.2004,  772.3272
78.2521,  772.4441
78.3037,  772.5609
78.3553,  772.6775
78.4069,  772.7940
78.4585,  772.9104
78.5100,  773.0266
78.5616,  773.1427
78.6131,  773.2588
78.6646,  773.3746
78.7160,  773.4904
78.7675,  773.6060
78.8189,  773.7216
78.8703,  773.8370
78.9217,  773.9522
78.9731,  774.0674
79.0244,  774.1824
79.0757,  774.2973
79.1270,  774.4121
79.1783,  774.5267
79.2296,  774.6412
79.2808,  774.7556
79.3320,  774.8699
79.3832,  774.9840
79.4344,  775.0981
79.4855,  775.2120
79.5366,  775.3257
79.5877,  775.4394
79.6388,  775.5529
79.6898,  775.6663
79.7408,  775.7795
79.7918,  775.8927
79.8428,  776.0057
79.8937,  776.1186
79.9446,  776.2313
79.9955,  776.3440
80.0464,  776.4565
80.0973,  776.5688
80.1481,  776.6811
80.1989,  776.7932
80.2496,  776.9052
80.3004,  777.0171
80.3511,  777.1288
80.4018,  777.2404
80.4524,  777.3519
80.5031,  777.4632
80.5537,  777.5744
80.6043,  777.6855
80.6548,  777.7965
80.7054,  777.9073
80.7559,  778.0180
80.8063,  778.1286
80.8568,  778.2390
80.9072,  778.3494
80.9576,  778.4595
81.0079,  778.5696
81.0583,  778.6795
81.1086,  778.7893
81.1589,  778.8990
81.2091,  779.0085
81.2593,  779.1179
81.3095,  779.2271
81.3597,  779.3363
81.4098,  779.4453
81.4599,  779.5541
81.5100,  779.6629
81.5600,  779.7715
81.6100,  779.8800
81.6600,  779.9883
81.7099,  780.0965
81.7598,  780.2046
81.8097,  780.3125
81.8596,  780.4203
81.9094,  780.5280
81.9592,  780.6355
82.0090,  780.7429
82.0587,  780.8502
82.1084,  780.9573
82.1580,  781.0643
82.2077,  781.1712
82.2573,  781.2780
82.3068,  781.3846
82.3564,  781.4910
82.4059,  781.5973
82.4553,  781.7035
82.5048,  781.8096
82.5542,  781.9155
82.6035,  782.0213
82.6529,  782.1270
82.7022,  782.2325
82.7514,  782.3379
82.8007,  782.4431
82.8499,  782.5482
82.8990,  782.6532
82.9482,  782.7580
82.9973,  782.8627
83.0463,  782.9673
83.0953,  783.0717
83.1443,  783.1760
83.1933,  783.2801
83.2422,  783.3841
83.2911,  783.4880
83.3399,  783.5917
83.3887,  783.6953
83.4375,  783.7988
83.4862,  783.9021
83.5349,  784.0053
83.5836,  784.1083
83.6322,  784.2112
83.6808,  784.3140
83.7293,  784.4166
83.7778,  784.5191
83.8263,  784.6214
83.8747,  784.7236
83.9231,  784.8257
83.9715,  784.9276
84.0198,  785.0294
84.0680,  785.1310
84.1163,  785.2325
84.1645,  785.3339
84.2126,  785.4351
84.2608,  785.5362
84.3088,  785.6371
84.3569,  785.7379
84.4049,  785.8386
84.4528,  785.9391
84.5008,  786.0395
84.5486,  786.1397
84.5965,  786.2398
84.6443,  786.3397
84.6920,  786.4395
84.7397,  786.5392
84.7874,  786.6387
84.8350,  786.7380
84.8826,  786.8373
84.9302,  786.9364
84.9777,  787.0353
85.0251,  787.1341
85.0726,  787.2327
85.1199,  787.3313
85.1673,  787.4296
85.2146,  787.5278
85.2618,  787.6259
85.3090,  787.7238
85.3562,  787.8216
85.4033,  787.9193
85.4504,  788.0168
85.4974,  788.1141
85.5444,  788.2113
85.5913,  788.3084
85.6382,  788.4053
85.6851,  788.5021
85.7319,  788.5987
85.7786,  788.6951
85.8253,  788.7915
85.8720,  788.8877
85.9186,  788.9837
85.9652,  789.0796
86.0117,  789.1753
86.0582,  789.2709
86.1046,  789.3663
86.1510,  789.4616
86.1974,  789.5568
86.2437,  789.6518
86.2899,  789.7466
86.3361,  789.8414
86.3823,  789.9359
86.4284,  790.0303
86.4744,  790.1246
86.5205,  790.2187
86.5664,  790.3127
86.6123,  790.4065
86.6582,  790.5001
86.7040,  790.5936
86.7498,  790.6870
86.7955,  790.7802
86.8412,  790.8733
86.8868,  790.9662
86.9324,  791.0590
86.9779,  791.1516
87.0233,  791.2440
87.0688,  791.3363
87.1141,  791.4285
87.1594,  791.5205
87.2047,  791.6124
87.2499,  791.7041
87.2951,  791.7956
87.3402,  791.8870
87.3853,  791.9783
87.4303,  792.0694
87.4752,  792.1603
87.5201,  792.2511
87.5650,  792.3418
87.6098,  792.4323
87.6545,  792.5226
87.6992,  792.6128
87.7439,  792.7028
87.7885,  792.7927
87.8330,  792.8824
87.8775,  792.9720
87.9219,  793.0614
87.9663,  793.1507
88.0106,  793.2398
88.0549,  793.3287
88.0991,  793.4175
88.1432,  793.5062
88.1873,  793.5947
88.2314,  793.6830
88.2754,  793.7712
88.3193,  793.8592
88.3632,  793.9471
88.4070,  794.0348
88.4508,  794.1224
88.4945,  794.2098
88.5381,  794.2970
88.5817,  794.3841
88.6253,  794.4710
88.6688,  794.5578
88.7122,  794.6444
88.7556,  794.7309
88.7989,  794.8172
88.8421,  794.9034
88.8853,  794.9894
88.9285,  795.0752
88.9716,  795.1609
89.0146,  795.2464
89.0576,  795.3318
89.1005,  795.4170
89.1433,  795.5020
89.1861,  795.5869
89.2288,  795.6716
89.2715,  795.7562
89.3141,  795.8406
89.3567,  795.9249
89.3992,  796.0090
89.4416,  796.0929
89.4840,  796.1767
89.5263,  796.2603
89.5685,  796.3438
89.6107,  796.4271
89.6528,  796.5102
89.6949,  796.5932
89.7369,  796.6760
89.7789,  796.7587
89.8207,  796.8412
89.8626,  796.9235
89.9043,  797.0057
89.9460,  797.0877
89.9877,  797.1696
90.0292,  797.2513
90.0707,  797.3328
90.1122,  797.4142
90.1536,  797.4954
90.1949,  797.5764
90.2361,  797.6573
90.2773,  797.7381
90.3185,  797.8186
90.3595,  797.8990
90.4005,  797.9793
90.4414,  798.0593
90.4823,  798.1392
90.5231,  798.2190
90.5639,  798.2986
90.6045,  798.3780
90.6452,  798.4573
90.6857,  798.5364
90.7262,  798.6153
90.7666,  798.6941
90.8069,  798.7727
90.8472,  798.8511
90.8874,  798.9294
90.9276,  799.0075
90.9677,  799.0854
91.0077,  799.1632
91.0476,  799.2408
91.0875,  799.3183
91.1273,  799.3956
91.1671,  799.4727
91.2067,  799.5496
91.2463,  799.6264
91.2859,  799.7031
91.3253,  799.7795
91.3648,  799.8558
91.4041,  799.9319
91.4434,  800.0079
91.4825,  800.0837
91.5217,  800.1593
91.5607,  800.2348
91.5997,  800.3101
91.6386,  800.3852
91.6775,  800.4602
91.7163,  800.5350
91.7550,  800.6096
91.7936,  800.6840
91.8322,  800.7583
91.8707,  800.8324
91.9091,  800.9064
91.9475,  800.9802
91.9857,  801.0538
92.0239,  801.1272
92.0621,  801.2005
92.1002,  801.2736
92.1381,  801.3466
92.1761,  801.4194
92.2139,  801.4920
92.2517,  801.5644
92.2894,  801.6367
92.3270,  801.7088
92.3646,  801.7807
92.4021,  801.8524
92.4395,  801.9240
92.4768,  801.9954
92.5141,  802.0667
92.5513,  802.1378
92.5884,  802.2087
92.6254,  802.2794
92.6624,  802.3500
92.6993,  802.4204
92.7361,  802.4906
92.7729,  802.5606
92.8095,  802.6305
92.8461,  802.7002
92.8826,  802.7698
92.9191,  802.8391
92.9555,  802.9083
92.9917,  802.9773
93.0280,  803.0462
93.0641,  803.1149
93.1002,  803.1834
93.1361,  803.2517
93.1720,  803.3199
93.2079,  803.3878
93.2436,  803.4557
93.2793,  803.5233
93.3149,  803.5908
93.3504,  803.6581
93.3859,  803.7252
93.4212,  803.7921
93.4565,  803.8589
93.4917,  803.9255
93.5268,  803.9919
93.5619,  804.0582
93.5969,  804.1242
93.6318,  804.1902
93.6666,  804.2559
93.7013,  804.3214
93.7360,  804.3868
93.7705,  804.4520
93.8050,  804.5170
93.8394,  804.5819
93.8738,  804.6466
93.9080,  804.7111
93.9422,  804.7754
93.9763,  804.8396
94.0103,  804.9035
94.0442,  804.9673
94.0781,  805.0310
94.1118,  805.0944
94.1455,  805.1577
94.1791,  805.2208
94.2126,  805.2837
94.2461,  805.3464
94.2794,  805.4090
94.3127,  805.4714
94.3459,  805.5336
94.3790,  805.5956
94.4120,  805.6575
94.4450,  805.7192
94.4779,  805.7807
94.5106,  805.8420
94.5433,  805.9031
94.5759,  805.9641
94.6085,  806.0249
94.6409,  806.0855
94.6733,  806.1459
94.7055,  806.2062
94.7377,  806.2663
94.7698,  806.3262
94.8018,  806.3859
94.8338,  806.4454
94.8656,  806.5048
94.8974,  806.5640
94.9291,  806.6230
94.9607,  806.6818
94.9922,  806.7404
95.0236,  806.7989
95.0549,  806.8572
95.0862,  806.9153
95.1174,  806.9732
95.1484,  807.0310
95.1794,  807.0885
95.2103,  807.1459
95.2411,  807.2031
95.2719,  807.2601
95.3025,  807.3170
95.3331,  807.3737
95.3635,  807.4301
95.3939,  807.4864
95.4242,  807.5426
95.4544,  807.5985
95.4845,  807.6542
95.5145,  807.7098
95.5445,  807.7652
95.5743,  807.8204
95.6041,  807.8755
95.6338,  807.9303
95.6633,  807.9850
95.6928,  808.0395
95.7222,  808.0938
95.7516,  808.1479
95.7808,  808.2018
95.8099,  808.2556
95.8390,  808.3091
95.8679,  808.3625
95.8968,  808.4157
95.9256,  808.4688
95.9542,  808.5216
95.9828,  808.5743
96.0113,  808.6267
96.0397,  808.6790
96.0681,  808.7311
96.0963,  808.7831
96.1244,  808.8348
96.1525,  808.8863
96.1804,  808.9377
96.2083,  808.9889
96.2361,  809.0399
96.2637,  809.0907
96.2913,  809.1414
96.3188,  809.1918
96.3462,  809.2421
96.3735,  809.2922
96.4007,  809.3421
96.4279,  809.3918
96.4549,  809.4413
96.4818,  809.4906
96.5087,  809.5398
96.5354,  809.5888
96.5621,  809.6375
96.5886,  809.6861
96.6151,  809.7345
96.6415,  809.7828
96.6678,  809.8308
96.6939,  809.8787
96.7200,  809.9263
96.7460,  809.9738
96.7719,  810.0211
96.7977,  810.0682
96.8234,  810.1152
96.8491,  810.1619
96.8746,  810.2084
96.9000,  810.2548
96.9253,  810.3010
96.9506,  810.3470
96.9757,  810.3928
97.0007,  810.4384
97.0257,  810.4838
97.0505,  810.5291
97.0753,  810.5741
97.0999,  810.6190
97.1245,  810.6637
97.1490,  810.7082
97.1733,  810.7525
97.1976,  810.7966
97.2218,  810.8405
97.2458,  810.8842
97.2698,  810.9278
97.2937,  810.9712
97.3175,  811.0143
97.3412,  811.0573
97.3648,  811.1001
97.3882,  811.1427
97.4116,  811.1851
97.4349,  811.2274
97.4581,  811.2694
97.4812,  811.3113
97.5042,  811.3529
97.5271,  811.3944
97.5499,  811.4357
97.5726,  811.4768
97.5952,  811.5177
97.6177,  811.5584
97.6401,  811.5989
97.6624,  811.6393
97.6846,  811.6794
97.7067,  811.7194
97.7287,  811.7592
97.7506,  811.7987
97.7724,  811.8381
97.7941,  811.8773
97.8157,  811.9163
97.8372,  811.9552
97.8586,  811.9938
97.8799,  812.0322
97.9011,  812.0705
97.9222,  812.1085
97.9432,  812.1464
97.9641,  812.1841
97.9849,  812.2215
98.0056,  812.2588
98.0262,  812.2959
98.0467,  812.3328
98.0671,  812.3696
98.0874,  812.4061
98.1076,  812.4424
98.1277,  812.4786
98.1476,  812.5145
98.1675,  812.5503
98.1873,  812.5858
98.2070,  812.6212
98.2265,  812.6564
98.2460,  812.6914
98.2654,  812.7262
98.2847,  812.7608
98.3038,  812.7952
98.3229,  812.8294
98.3418,  812.8635
98.3607,  812.8973
98.3794,  812.9310
98.3981,  812.9644
98.4166,  812.9977
98.4351,  813.0307
98.4534,  813.0636
98.4716,  813.0963
98.4898,  813.1288
98.5078,  813.1611
98.5257,  813.1932
98.5435,  813.2251
98.5612,  813.2568
98.5788,  813.2884
98.5963,  813.3197
98.6137,  813.3508
98.6310,  813.3818
98.6482,  813.4125
98.6653,  813.4431
98.6823,  813.4734
98.6991,  813.5036
98.7159,  813.5336
98.7326,  813.5634
98.7491,  813.5930
98.7656,  813.6223
98.7819,  813.6515
98.7982,  813.6806
98.8143,  813.7094
98.8303,  813.7380
98.8463,  813.7664
98.8621,  813.7946
98.8778,  813.8227
98.8934,  813.8505
98.9089,  813.8782
98.9243,  813.9056
98.9396,  813.9329
98.9547,  813.9599
98.9698,  813.9868
98.9848,  814.0135
98.9996,  814.0399
99.0144,  814.0662
99.0290,  814.0923
99.0436,  814.1182
99.0580,  814.1439
99.0723,  814.1694
99.0866,  814.1947
99.1007,  814.2198
99.1147,  814.2447
99.1286,  814.2694
99.1424,  814.2940
99.1560,  814.3183
99.1696,  814.3424
99.1831,  814.3664
99.1964,  814.3901
99.2097,  814.4136
99.2228,  814.4370
99.2358,  814.4602
99.2488,  814.4831
99.2616,  814.5059
99.2743,  814.5284
99.2869,  814.5508
99.2994,  814.5730
99.3118,  814.5950
99.3241,  814.6167
99.3362,  814.6383
99.3483,  814.6597
99.3602,  814.6809
99.3721,  814.7019
99.3838,  814.7227
99.3954,  814.7433
99.4069,  814.7637
99.4183,  814.7839
99.4296,  814.8039
99.4408,  814.8238
99.4519,  814.8434
99.4629,  814.8628
99.4737,  814.8820
99.4845,  814.9010
99.4951,  814.9199
99.5056,  814.9385
99.5161,  814.9570
99.5264,  814.9752
99.5366,  814.9932
99.5467,  815.0111
99.5566,  815.0287
99.5665,  815.0462
99.5763,  815.0634
99.5859,  815.0805
99.5955,  815.0974
99.6049,  815.1140
99.6142,  815.1305
99.6234,  815.1468
99.6325,  815.1628
99.6415,  815.1787
99.6504,  815.1944
99.6592,  815.2099
99.6678,  815.2252
99.6764,  815.2402
99.6848,  815.2551
99.6931,  815.2698
99.7014,  815.2843
99.7095,  815.2986
99.7175,  815.3127
99.7253,  815.3266
99.7331,  815.3403
99.7408,  815.3538
99.7483,  815.3671
99.7558,  815.3802
99.7631,  815.3931
99.7703,  815.4058
99.7774,  815.4183
99.7844,  815.4306
99.7913,  815.4428
99.7981,  815.4547
99.8048,  815.4664
99.8113,  815.4779
99.8177,  815.4892
99.8241,  815.5004
99.8303,  815.5113
99.8364,  815.5220
99.8424,  815.5326
99.8483,  815.5429
99.8541,  815.5530
99.8597,  815.5630
99.8653,  815.5727
99.8707,  815.5822
99.8760,  815.5916
99.8812,  815.6007
99.8863,  815.6097
99.8913,  815.6184
99.8962,  815.6270
99.9010,  815.6353
99.9056,  815.6435
99.9102,  815.6514
99.9146,  815.6592
99.9189,  815.6667
99.9231,  815.6741
99.9272,  815.6812
99.9312,  815.6882
99.9351,  815.6949
99.9389,  815.7015
99.9425,  815.7079
99.9460,  815.7140
99.9495,  815.7200
99.9528,  815.7258
99.9560,  815.7313
99.9591,  815.7367
99.9620,  815.7419
99.9649,  815.7468
99.9676,  815.7516
99.9703,  815.7562
99.9728,  815.7606
99.9752,  815.7647
99.9775,  815.7687
99.9797,  815.7725
99.9818,  815.7761
99.9838,  815.7795
99.9856,  815.7826
99.9874,  815.7856
99.9890,  815.7884
99.9905,  815.7910
99.9919,  815.7934
99.9932,  815.7956
99.9944,  815.7976
99.9954,  815.7993
99.9964,  815.8009
99.9972,  815.8023
99.9980,  815.8035
99.9986,  815.8045
99.9991,  815.8053
99.9995,  815.8059
99.9998,  815.8063
99.9999,  815.8065
100.0000,  815.8065